2.97491864652239e+002 4.83093793015079e+013
2.97555376277378e+002 5.12514745730427e+013
2.97618880245981e+002 5.36336789127224e+013
2.97682376556197e+002 5.50713985094836e+013
2.97745865206179e+002 5.52818923077100e+013
2.97809346194076e+002 5.41601439857136e+013
2.97872819518039e+002 5.18235722682867e+013
2.97936285176219e+002 4.85876821873773e+013
2.97999743166768e+002 4.48734317790457e+013
2.98063193487835e+002 4.10926049909559e+013
2.98126636137571e+002 3.75664875237001e+013
2.98190071114128e+002 3.45045171858698e+013
2.98253498415656e+002 3.20325161547545e+013
2.98316918040306e+002 3.02376824695458e+013
2.98380329986229e+002 2.91963599917905e+013
2.98443734251575e+002 2.89692275827019e+013
2.98507130834496e+002 2.95762715380355e+013
2.98570519733141e+002 3.09789888472894e+013
2.98633900945662e+002 3.30845487817724e+013
2.98697274470210e+002 3.57586021959723e+013
2.98760640304936e+002 3.88217018890770e+013
2.98823998447989e+002 4.20249751728172e+013
2.98887348897522e+002 4.50338602272383e+013
2.98950691651684e+002 4.74580563737859e+013
2.99014026708628e+002 4.89375819590143e+013
2.99077354066502e+002 4.92532022799943e+013
2.99140673723459e+002 4.84113933868090e+013
2.99203985677648e+002 4.66704176341979e+013
2.99267289927222e+002 4.45013036905127e+013
2.99330586470330e+002 4.24891926744336e+013
2.99393875305123e+002 4.11816315704670e+013
2.99457156429753e+002 4.09077107313899e+013
2.99520429842369e+002 4.16297404192616e+013
2.99583695541123e+002 4.29104953660294e+013
2.99646953524166e+002 4.40441631322851e+013
2.99710203789648e+002 4.43159861503017e+013
2.99773446335720e+002 4.32795326140391e+013
2.99836681160533e+002 4.09252218044505e+013
2.99899908262238e+002 3.76692527018565e+013
2.99963127638985e+002 3.41836773288917e+013
3.00026339288925e+002 3.11621478557591e+013
3.00089543210210e+002 2.91297748249817e+013
3.00152739400989e+002 2.83553981329124e+013
3.00215927859414e+002 2.88512464089303e+013
3.00279108583636e+002 3.04064694876976e+013
3.00342281571804e+002 3.26229134656209e+013
3.00405446822071e+002 3.49712989771569e+013
3.00468604332587e+002 3.69038675113939e+013
3.00531754101502e+002 3.80195149446832e+013
3.00594896126967e+002 3.82151425849364e+013
3.00658030407134e+002 3.77342787187780e+013
3.00721156940153e+002 3.70684374293900e+013
3.00784275724174e+002 3.67484544559096e+013
3.00847386757349e+002 3.71258105814262e+013
3.00910490037829e+002 3.82494001900557e+013
3.00973585563763e+002 3.98905141202955e+013
3.01036673333304e+002 4.16880530422139e+013
3.01099753344601e+002 4.33226439026767e+013
3.01162825595805e+002 4.46218651139911e+013
3.01225890085069e+002 4.55544585277771e+013
3.01288946810541e+002 4.61479084798771e+013
3.01351995770373e+002 4.64031253417237e+013
3.01415036962715e+002 4.62598784375292e+013
3.01478070385720e+002 4.56176739098076e+013
3.01541096037536e+002 4.43843256518081e+013
3.01604113916316e+002 4.25236605565085e+013
3.01667124020209e+002 4.00884157722265e+013
3.01730126347367e+002 3.72366542781392e+013
3.01793120895941e+002 3.42353622893199e+013
3.01856107664080e+002 3.14523440861707e+013
3.01919086649937e+002 2.93255200514111e+013
3.01982057851662e+002 2.82873965608445e+013
3.02045021267405e+002 2.86354384998895e+013
3.02107976895317e+002 3.03859585292072e+013
3.02170924733550e+002 3.31982107635234e+013
3.02233864780254e+002 3.64512301476784e+013
3.02296797033579e+002 3.94765812462226e+013
3.02359721491677e+002 4.18420595668312e+013
3.02422638152699e+002 4.35273710969993e+013
3.02485547014794e+002 4.48816463508984e+013
3.02548448076115e+002 4.63788345669158e+013
3.02611341334811e+002 4.83111220280184e+013
3.02674226789034e+002 5.06025860996744e+013
3.02737104436934e+002 5.28539752896490e+013
3.02799974276662e+002 5.45856785308516e+013
3.02862836306369e+002 5.55236709678283e+013
3.02925690524206e+002 5.57552902243521e+013
3.02988536928323e+002 5.56743243274217e+013
3.03051375516872e+002 5.57655595997277e+013
3.03114206288002e+002 5.63606335770414e+013
3.03177029239866e+002 5.74914787244690e+013
3.03239844370613e+002 5.88953460135758e+013
3.03302651678394e+002 6.01384304965972e+013
3.03365451161361e+002 6.07765357908072e+013
3.03428242817664e+002 6.04854877473770e+013
3.03491026645453e+002 5.91447107601804e+013
3.03553802642880e+002 5.68855675603101e+013
3.03616570808096e+002 5.40934889521776e+013
3.03679331139251e+002 5.13222879427910e+013
3.03742083634495e+002 4.91072670628148e+013
3.03804828291981e+002 4.77510845305957e+013
3.03867565109858e+002 4.72168280906671e+013
3.03930294086278e+002 4.72140978491008e+013
3.03993015219390e+002 4.74276348522417e+013
3.04055728507347e+002 4.77290684100705e+013
3.04118433948298e+002 4.82264571611430e+013
3.04181131540395e+002 4.91291522684063e+013
3.04243821281788e+002 5.05339545153624e+013
3.04306503170628e+002 5.22789232358696e+013
3.04369177205066e+002 5.39523011362348e+013
3.04431843383253e+002 5.50466149133771e+013
3.04494501703339e+002 5.51786753640034e+013
3.04557152163475e+002 5.42768603548954e+013
3.04619794761813e+002 5.26528776637969e+013
3.04682429496502e+002 5.09148733370077e+013
3.04745056365694e+002 4.97447735113757e+013
3.04807675367540e+002 4.96375622627084e+013
3.04870286500190e+002 5.07300741976499e+013
3.04932889761794e+002 5.27917664405927e+013
3.04995485150505e+002 5.53459732059443e+013
3.05058072664472e+002 5.78283794725835e+013
3.05120652301847e+002 5.97164544512162e+013
3.05183224060779e+002 6.06266531146341e+013
3.05245787939421e+002 6.03915386153421e+013
3.05308343935923e+002 5.90897114421178e+013
3.05370892048435e+002 5.69834216998940e+013
3.05433432275108e+002 5.43751359340996e+013
3.05495964614094e+002 5.14768728909978e+013
3.05558489063542e+002 4.83965219799228e+013
3.05621005621604e+002 4.52533746878505e+013
3.05683514286431e+002 4.23198237872407e+013
3.05746015056173e+002 4.00547120133766e+013
3.05808507928981e+002 3.89736833832494e+013
3.05870992903006e+002 3.94220264637582e+013
3.05933469976399e+002 4.13819826314570e+013
3.05995939147310e+002 4.44229349678046e+013
3.06058400413891e+002 4.78216345156024e+013
3.06120853774291e+002 5.07966089819203e+013
3.06183299226663e+002 5.27541148040720e+013
3.06245736769156e+002 5.34447306210638e+013
3.06308166399921e+002 5.29758282866985e+013
3.06370588117110e+002 5.16973110705084e+013
3.06433001918873e+002 5.00405584679407e+013
3.06495407803360e+002 4.84025887943661e+013
3.06557805768723e+002 4.71154408458567e+013
3.06620195813113e+002 4.64627543523052e+013
3.06682577934680e+002 4.66692745914154e+013
3.06744952131574e+002 4.78295812651289e+013
3.06807318401948e+002 4.98216382489383e+013
3.06869676743951e+002 5.22906637253971e+013
3.06932027155734e+002 5.47484665783531e+013
3.06994369635449e+002 5.67479052997936e+013
3.07056704181245e+002 5.80350176668317e+013
3.07119030791274e+002 5.85968006349302e+013
3.07181349463687e+002 5.85943042227628e+013
3.07243660196634e+002 5.82431734244814e+013
3.07305962988266e+002 5.77256104737517e+013
3.07368257836734e+002 5.71761910564138e+013
3.07430544740189e+002 5.67152884327494e+013
3.07492823696781e+002 5.64680722407688e+013
3.07555094704661e+002 5.65350613303020e+013
3.07617357761981e+002 5.69394693880858e+013
3.07679612866890e+002 5.76023272666274e+013
3.07741860017540e+002 5.83646043692766e+013
3.07804099212082e+002 5.90309656843469e+013
3.07866330448665e+002 5.94078443566234e+013
3.07928553725442e+002 5.93433998363897e+013
3.07990769040562e+002 5.87912475784001e+013
3.08052976392177e+002 5.78834697878801e+013
3.08115175778438e+002 5.69514423952834e+013
3.08177367197495e+002 5.64379771205184e+013
3.08239550647498e+002 5.67118497253975e+013
3.08301726126600e+002 5.78730634024122e+013
3.08363893632950e+002 5.96615167458860e+013
3.08426053164699e+002 6.15331965882958e+013
3.08488204719998e+002 6.28766278832100e+013
3.08550348296999e+002 6.32621848549889e+013
3.08612483893851e+002 6.25954198302599e+013
3.08674611508706e+002 6.10986904912604e+013
3.08736731139714e+002 5.91444905988563e+013
3.08798842785026e+002 5.70480937420368e+013
3.08860946442793e+002 5.49420298526812e+013
3.08923042111165e+002 5.27931126889435e+013
3.08985129788294e+002 5.05300359319608e+013
3.09047209472331e+002 4.81883766581403e+013
3.09109281161425e+002 4.59814565946140e+013
3.09171344853728e+002 4.42547876556945e+013
3.09233400547391e+002 4.33432132181218e+013
3.09295448240565e+002 4.33984551619821e+013
3.09357487931399e+002 4.42778956037640e+013
3.09419519618046e+002 4.55677266022501e+013
3.09481543298655e+002 4.67454535772748e+013
3.09543558971378e+002 4.73959159885914e+013
3.09605566634366e+002 4.73499470977629e+013
3.09667566285768e+002 4.66678848477770e+013
3.09729557923737e+002 4.55112778554669e+013
3.09791541546422e+002 4.40321385036723e+013
3.09853517151975e+002 4.23786539696514e+013
3.09915484738546e+002 4.07952559483275e+013
3.09977444304287e+002 3.96957889961533e+013
3.10039395847347e+002 3.96013484368979e+013
3.10101339365878e+002 4.09444701793381e+013
3.10163274858031e+002 4.38524161557800e+013
3.10225202321955e+002 4.80481167584104e+013
3.10287121755803e+002 5.29365837620344e+013
3.10349033157725e+002 5.78332075639171e+013
3.10410936525872e+002 6.22111358605716e+013
3.10472831858394e+002 6.58421042968604e+013
3.10534719153442e+002 6.87742571171627e+013
3.10596598409168e+002 7.11857149054900e+013
3.10658469623721e+002 7.32160109250986e+013
3.10720332795253e+002 7.48752203617964e+013
3.10782187921914e+002 7.60711540907253e+013
3.10844035001855e+002 7.67185957623426e+013
3.10905874033228e+002 7.68465027812639e+013
3.10967705014182e+002 7.66259173530889e+013
3.11029527942869e+002 7.62978880474380e+013
3.11091342817439e+002 7.60505466597810e+013
3.11153149636044e+002 7.59289305025032e+013
3.11214948396833e+002 7.58336756351194e+013
3.11276739097959e+002 7.55965511496717e+013
3.11338521737570e+002 7.50684519850313e+013
3.11400296313820e+002 7.41620443653843e+013
3.11462062824857e+002 7.28447667283070e+013
3.11523821268833e+002 7.11222003795744e+013
3.11585571643899e+002 6.90448717386993e+013
3.11647313948206e+002 6.67291887997694e+013
3.11709048179903e+002 6.43578870360148e+013
3.11770774337143e+002 6.21443434602887e+013
3.11832492418076e+002 6.02825381290428e+013
3.11894202420852e+002 5.89169421316997e+013
3.11955904343623e+002 5.81433117135619e+013
3.12017598184540e+002 5.80196398212627e+013
3.12079283941752e+002 5.85577395563209e+013
3.12140961613411e+002 5.96872149735998e+013
3.12202631197668e+002 6.12176622351180e+013
3.12264292692673e+002 6.28445627747519e+013
3.12325946096577e+002 6.42279026174707e+013
3.12387591407532e+002 6.51217536560159e+013
3.12449228623687e+002 6.54823865309840e+013
3.12510857743194e+002 6.54792329366291e+013
3.12572478764203e+002 6.53920819502179e+013
3.12634091684865e+002 6.54571249827027e+013
3.12695696503332e+002 6.57576348661087e+013
3.12757293217753e+002 6.62155395035977e+013
3.12818881826279e+002 6.66663055376641e+013
3.12880462327062e+002 6.69537704686383e+013
3.12942034718253e+002 6.69905270308682e+013
3.13003598998001e+002 6.67695369142958e+013
3.13065155164458e+002 6.63451075567558e+013
3.13126703215774e+002 6.58087348304648e+013
3.13188243150101e+002 6.52743745505775e+013
3.13249774965588e+002 6.48723185457874e+013
3.13311298660388e+002 6.47412918265746e+013
3.13372814232650e+002 6.50100026508492e+013
3.13434321680526e+002 6.57700022660356e+013
3.13495821002166e+002 6.70506526787737e+013
3.13557312195721e+002 6.88049407544020e+013
3.13618795259342e+002 7.09062357931218e+013
3.13680270191180e+002 7.31540020954531e+013
3.13741736989385e+002 7.52929368667008e+013
3.13803195652108e+002 7.70501358347030e+013
3.13864646177501e+002 7.81791033747056e+013
3.13926088563713e+002 7.84843111505920e+013
3.13987522808895e+002 7.78128601186733e+013
3.14048948911199e+002 7.60394685749062e+013
3.14110366868776e+002 7.30965273455546e+013
3.14171776679775e+002 6.90716311773219e+013
3.14233178342348e+002 6.43219063996954e+013
3.14294571854645e+002 5.95026552462456e+013
3.14355957214818e+002 5.54379422848236e+013
3.14417334421017e+002 5.28648711189313e+013
3.14478703471393e+002 5.21816530744590e+013
3.14540064364097e+002 5.33378732681552e+013
3.14601417097279e+002 5.59128000183112e+013
3.14662761669091e+002 5.93097116979548e+013
3.14724098077682e+002 6.29445786098529e+013
3.14785426321205e+002 6.63525816877908e+013
3.14846746397809e+002 6.92177782885575e+013
3.14908058305646e+002 7.13721959168627e+013
3.14969362042866e+002 7.27901970261948e+013
3.15030657607620e+002 7.35664381122887e+013
3.15091944998058e+002 7.38604965043140e+013
3.15153224212333e+002 7.38195184592638e+013
3.15214495248594e+002 7.35145241031285e+013
3.15275758104992e+002 7.29189378623461e+013
3.15337012779678e+002 7.19296937084676e+013
3.15398259270803e+002 7.04114916974628e+013
3.15459497576518e+002 6.82478135169130e+013
3.15520727694972e+002 6.53948611629699e+013
3.15581949624319e+002 6.19346048225076e+013
3.15643163362707e+002 5.81074622712166e+013
3.15704368908288e+002 5.42953228280852e+013
3.15765566259212e+002 5.09434378656301e+013
3.15826755413631e+002 4.84483724577105e+013
3.15887936369695e+002 4.70652552080461e+013
3.15949109125554e+002 4.68743963236935e+013
3.16010273679361e+002 4.78045873772473e+013
3.16071430029265e+002 4.96762428471040e+013
3.16132578173417e+002 5.22316032354104e+013
3.16193718109969e+002 5.51533559254802e+013
3.16254849837070e+002 5.80993094380657e+013
3.16315973352872e+002 6.07695836036887e+013
3.16377088655526e+002 6.29839971956790e+013
3.16438195743182e+002 6.47217830553651e+013
3.16499294613990e+002 6.60939203715288e+013
3.16560385266103e+002 6.72679118794211e+013
3.16621467697670e+002 6.84007310254306e+013
3.16682541906843e+002 6.96230043819804e+013
3.16743607891772e+002 7.10655687179089e+013
3.16804665650608e+002 7.28754597096335e+013
3.16865715181502e+002 7.51751455497263e+013
3.16926756482604e+002 7.79741095341604e+013
3.16987789552066e+002 8.10967921017432e+013
3.17048814388038e+002 8.41940114772190e+013
3.17109830988671e+002 8.68512045704337e+013
3.17170839352115e+002 8.87409904102146e+013
3.17231839476523e+002 8.97398789011445e+013
3.17292831360043e+002 8.99516782356155e+013
3.17353815000828e+002 8.96283413653246e+013
3.17414790397028e+002 8.90236146123674e+013
3.17475757546793e+002 8.82438488674502e+013
3.17536716448275e+002 8.71693347501002e+013
3.17597667099624e+002 8.54982610303323e+013
3.17658609498991e+002 8.29083464832716e+013
3.17719543644527e+002 7.92607169857636e+013
3.17780469534383e+002 7.47346109084772e+013
3.17841387166710e+002 6.98146347164137e+013
3.17902296539657e+002 6.51381509143156e+013
3.17963197651377e+002 6.12890224837470e+013
3.18024090500019e+002 5.86416766910240e+013
3.18084975083735e+002 5.73124415324176e+013
3.18145851400676e+002 5.72065164279970e+013
3.18206719448992e+002 5.81075596032179e+013
3.18267579226834e+002 5.97594445896127e+013
3.18328430732352e+002 6.19180816337908e+013
3.18389273963698e+002 6.43774017774173e+013
3.18450108919023e+002 6.69829180362728e+013
3.18510935596477e+002 6.96399011225617e+013
3.18571753994210e+002 7.23097298585243e+013
3.18632564110375e+002 7.49788846044976e+013
3.18693365943121e+002 7.75928851481389e+013
3.18754159490599e+002 7.99763097689847e+013
3.18814944750961e+002 8.17929199752647e+013
3.18875721722356e+002 8.26034521002397e+013
3.18936490402936e+002 8.20319351101235e+013
3.18997250790852e+002 7.99748876978471e+013
3.19058002884254e+002 7.67370124811786e+013
3.19118746681293e+002 7.29986137682606e+013
3.19179482180120e+002 6.96087592258663e+013
3.19240209378886e+002 6.72979225319621e+013
3.19300928275741e+002 6.64499801691827e+013
3.19361638868836e+002 6.70385326358884e+013
3.19422341156323e+002 6.87398677665902e+013
3.19483035136351e+002 7.11398295603802e+013
3.19543720807072e+002 7.39093322921939e+013
3.19604398166636e+002 7.68579566217304e+013
3.19665067213195e+002 7.98654200275438e+013
3.19725727944898e+002 8.27768940653889e+013
3.19786380359898e+002 8.53677369994355e+013
3.19847024456344e+002 8.74187665744225e+013
3.19907660232387e+002 8.88446055241834e+013
3.19968287686179e+002 8.97680229386092e+013
3.20028906815869e+002 9.04755684743845e+013
3.20089517619609e+002 9.12835897659377e+013
3.20150120095550e+002 9.24037701033153e+013
3.20210714241842e+002 9.38791477701833e+013
3.20271300056637e+002 9.55988111067161e+013
3.20331877538084e+002 9.73551143291247e+013
3.20392446684335e+002 9.89052536580359e+013
3.20453007493540e+002 1.00016919473212e+014
3.20513559963851e+002 1.00491708519571e+014
3.20574104093418e+002 1.00170573236216e+014
3.20634639880392e+002 9.89375095998379e+013
3.20695167322923e+002 9.67398860696069e+013
3.20755686419163e+002 9.36256604170112e+013
3.20816197167262e+002 8.97726706097041e+013
3.20876699565371e+002 8.54802443224948e+013
3.20937193611641e+002 8.11163252522976e+013
3.20997679304223e+002 7.70429788527133e+013
3.21058156641267e+002 7.35542157782446e+013
3.21118625620925e+002 7.08480745555234e+013
3.21179086241346e+002 6.90333783236876e+013
3.21239538500682e+002 6.81543964083887e+013
3.21299982397084e+002 6.82108610429951e+013
3.21360417928702e+002 6.91597868945038e+013
3.21420845093687e+002 7.09059470919577e+013
3.21481263890191e+002 7.33031662294108e+013
3.21541674316363e+002 7.61797194764721e+013
3.21602076370354e+002 7.93717046483634e+013
3.21662470050316e+002 8.27299593300334e+013
3.21722855354399e+002 8.60856406761373e+013
3.21783232280754e+002 8.92030301750265e+013
3.21843600827532e+002 9.17715136954862e+013
3.21903960992883e+002 9.34665275226399e+013
3.21964312774959e+002 9.40607462317751e+013
3.22024656171909e+002 9.35301388115092e+013
3.22084991181886e+002 9.20943913755049e+013
3.22145317803039e+002 9.01554393925206e+013
3.22205636033520e+002 8.81447556860613e+013
3.22265945871479e+002 8.63460073242508e+013
3.22326247315067e+002 8.47903356611378e+013
3.22386540362434e+002 8.32897645146322e+013
3.22446825011733e+002 8.15875179530250e+013
3.22507101261113e+002 7.95270633910504e+013
3.22567369108725e+002 7.71404297078498e+013
3.22627628552720e+002 7.46287312799761e+013
3.22687879591249e+002 7.22840428178039e+013
3.22748122222462e+002 7.04167597690515e+013
3.22808356444511e+002 6.93089676801462e+013
3.22868582255546e+002 6.91695954424821e+013
3.22928799653718e+002 7.00683608491437e+013
3.22989008637178e+002 7.18660828512518e+013
3.23049209204076e+002 7.41937643728628e+013
3.23109401352564e+002 7.65247180017348e+013
3.23169585080792e+002 7.83337877254016e+013
3.23229760386911e+002 7.92799965809687e+013
3.23289927269071e+002 7.93250175941495e+013
3.23350085725424e+002 7.87289042606811e+013
3.23410235754120e+002 7.79296412265790e+013
3.23470377353311e+002 7.73719214691500e+013
3.23530510521146e+002 7.73662229255315e+013
3.23590635255777e+002 7.80284830991099e+013
3.23650751555354e+002 7.93025259449268e+013
3.23710859418029e+002 8.10333019365799e+013
3.23770958841952e+002 8.30478605571936e+013
3.23831049825273e+002 8.52059805629980e+013
3.23891132366144e+002 8.74012487869917e+013
3.23951206462716e+002 8.95262617533656e+013
3.24011272113139e+002 9.14455542413018e+013
3.24071329315564e+002 9.30168855600566e+013
3.24131378068141e+002 9.41582913853010e+013
3.24191418369022e+002 9.49095674461307e+013
3.24251450216358e+002 9.54287763924958e+013
3.24311473608299e+002 9.59072760570233e+013
3.24371488542996e+002 9.64468330981776e+013
3.24431495018599e+002 9.69752163330657e+013
3.24491493033260e+002 9.72608016376602e+013
3.24551482585130e+002 9.70310617830879e+013
3.24611463672358e+002 9.61353197902037e+013
3.24671436293097e+002 9.46584124118293e+013
3.24731400445496e+002 9.29156946590989e+013
3.24791356127707e+002 9.13311505514540e+013
3.24851303337879e+002 9.02714988692819e+013
3.24911242074166e+002 8.99291604279666e+013
3.24971172334716e+002 9.03051967608107e+013
3.25031094117680e+002 9.12778148695678e+013
3.25091007421210e+002 9.27020512820704e+013
3.25150912243457e+002 9.44887085627930e+013
3.25210808582570e+002 9.66349613718112e+013
3.25270696436701e+002 9.92001811435235e+013
3.25330575804001e+002 1.02236281806111e+014
3.25390446682621e+002 1.05702876689334e+014
3.25450309070710e+002 1.09417825539542e+014
3.25510162966421e+002 1.13086992616284e+014
3.25570008367903e+002 1.16409673368677e+014
3.25629845273308e+002 1.19196990985591e+014
3.25689673680786e+002 1.21422818673029e+014
3.25749493588489e+002 1.23174134606355e+014
3.25809304994566e+002 1.24543889837679e+014
3.25869107897170e+002 1.25549047191420e+014
3.25928902294449e+002 1.26127090988725e+014
3.25988688184556e+002 1.26196326967061e+014
3.26048465565642e+002 1.25720550243127e+014
3.26108234435856e+002 1.24732352246990e+014
3.26167994793350e+002 1.23320458817330e+014
3.26227746636274e+002 1.21621188835183e+014
3.26287489962780e+002 1.19837781522062e+014
3.26347224771018e+002 1.18261833579202e+014
3.26406951059138e+002 1.17242434052732e+014
3.26466668825293e+002 1.17078031419120e+014
3.26526378067631e+002 1.17874036782686e+014
3.26586078784305e+002 1.19454106740691e+014
3.26645770973466e+002 1.21390379564293e+014
3.26705454633263e+002 1.23144303720714e+014
3.26765129761847e+002 1.24246154459053e+014
3.26824796357370e+002 1.24433693903638e+014
3.26884454417982e+002 1.23710110258494e+014
3.26944103941835e+002 1.22324282344193e+014
3.27003744927078e+002 1.20692633342597e+014
3.27063377371862e+002 1.19280005308401e+014
3.27123001274339e+002 1.18462217358400e+014
3.27182616632660e+002 1.18410195755948e+014
3.27242223444974e+002 1.19042551422932e+014
3.27301821709433e+002 1.20069921646945e+014
3.27361411424187e+002 1.21110257758934e+014
3.27420992587388e+002 1.21822015969408e+014
3.27480565197186e+002 1.22002844636697e+014
3.27540129251732e+002 1.21626267559637e+014
3.27599684749176e+002 1.20816602995195e+014
3.27659231687670e+002 1.19782081441311e+014
3.27718770065365e+002 1.18737270787914e+014
3.27778299880410e+002 1.17845237792149e+014
3.27837821130958e+002 1.17193985791977e+014
3.27897333815158e+002 1.16800404797811e+014
3.27956837931161e+002 1.16626413570410e+014
3.28016333477119e+002 1.16599737295152e+014
3.28075820451182e+002 1.16638480178174e+014
3.28135298851500e+002 1.16670971233292e+014
3.28194768676226e+002 1.16633206567918e+014
3.28254229923508e+002 1.16439213284375e+014
3.28313682591499e+002 1.15952994057551e+014
3.28373126678349e+002 1.15009944190252e+014
3.28432562182209e+002 1.13509896537584e+014
3.28491989101229e+002 1.11544216698953e+014
3.28551407433561e+002 1.09473601406816e+014
3.28610817177355e+002 1.07883297269232e+014
3.28670218330761e+002 1.07407426380644e+014
3.28729610891932e+002 1.08492307287061e+014
3.28788994859017e+002 1.11210446591912e+014
3.28848370230168e+002 1.15217606196015e+014
3.28907737003534e+002 1.19876664277070e+014
3.28967095177268e+002 1.24490795415471e+014
3.29026444749519e+002 1.28536326133293e+014
3.29085785718439e+002 1.31789676771038e+014
3.29145118082178e+002 1.34302752508354e+014
3.29204441838887e+002 1.36265165577506e+014
3.29263756986717e+002 1.37849511190887e+014
3.29323063523819e+002 1.39130255441511e+014
3.29382361448343e+002 1.40103548638820e+014
3.29441650758440e+002 1.40763553200110e+014
3.29500931452262e+002 1.41164603117377e+014
3.29560203527958e+002 1.41430204139644e+014
3.29619466983680e+002 1.41720960086657e+014
3.29678721817578e+002 1.42193850997333e+014
3.29737968027804e+002 1.42964081025297e+014
3.29797205612507e+002 1.44055374017637e+014
3.29856434569840e+002 1.45336372339461e+014
3.29915654897952e+002 1.46483840110006e+014
3.29974866594994e+002 1.47034827513937e+014
3.30034069659117e+002 1.46546216325477e+014
3.30093264088473e+002 1.44792090407019e+014
3.30152449881211e+002 1.41874818590820e+014
3.30211627035483e+002 1.38167462386673e+014
3.30270795549439e+002 1.34123597042779e+014
3.30329955421230e+002 1.30090955797379e+014
3.30389106649007e+002 1.26259209007914e+014
3.30448249230921e+002 1.22760010088402e+014
3.30507383165123e+002 1.19811577573609e+014
3.30566508449762e+002 1.17765132276533e+014
3.30625625082991e+002 1.16993139315564e+014
3.30684733062960e+002 1.17688335237321e+014
3.30743832387819e+002 1.19713284698629e+014
3.30802923055720e+002 1.22602529778699e+014
3.30862005064813e+002 1.25712642465010e+014
3.30921078413249e+002 1.28426525531249e+014
3.30980143099179e+002 1.30306637120112e+014
3.31039199120754e+002 1.31148747176910e+014
3.31098246476124e+002 1.30957294661481e+014
3.31157285163440e+002 1.29895046931039e+014
3.31216315180853e+002 1.28244216446926e+014
3.31275336526514e+002 1.26379712392941e+014
3.31334349198574e+002 1.24730496006460e+014
3.31393353195183e+002 1.23708168741254e+014
3.31452348514492e+002 1.23607877337127e+014
3.31511335154652e+002 1.24516182925597e+014
3.31570313113814e+002 1.26271507331734e+014
3.31629282390128e+002 1.28503712033484e+014
3.31688242981746e+002 1.30740057355875e+014
3.31747194886818e+002 1.32531438863752e+014
3.31806138103495e+002 1.33547731691001e+014
3.31865072629927e+002 1.33615534764600e+014
3.31923998464266e+002 1.32707433127374e+014
3.31982915604662e+002 1.30916626974938e+014
3.32041824049267e+002 1.28449803783401e+014
3.32100723796230e+002 1.25643399338063e+014
3.32159614843703e+002 1.22969988684403e+014
3.32218497189836e+002 1.20982977965955e+014
3.32277370832781e+002 1.20174332282331e+014
3.32336235770688e+002 1.20784549643863e+014
3.32395092001707e+002 1.22661206616351e+014
3.32453939523990e+002 1.25261306190030e+014
3.32512778335688e+002 1.27822518734008e+014
3.32571608434951e+002 1.29633320505068e+014
3.32630429819930e+002 1.30277797789454e+014
3.32689242488775e+002 1.29751958084572e+014
3.32748046439638e+002 1.28422198892877e+014
3.32806841670670e+002 1.26867699846001e+014
3.32865628180021e+002 1.25678295508578e+014
3.32924405965842e+002 1.25271777175996e+014
3.32983175026283e+002 1.25775542255814e+014
3.33041935359496e+002 1.26999409033802e+014
3.33100686963631e+002 1.28502535865786e+014
3.33159429836840e+002 1.29726934850620e+014
3.33218163977272e+002 1.30150822535643e+014
3.33276889383079e+002 1.29421943355823e+014
3.33335606052412e+002 1.27452541961612e+014
3.33394313983421e+002 1.24467585925772e+014
3.33453013174257e+002 1.20988872716512e+014
3.33511703623071e+002 1.17732405490394e+014
3.33570385328013e+002 1.15420534650484e+014
3.33629058287235e+002 1.14559789408158e+014
3.33687722498888e+002 1.15274255774129e+014
3.33746377961121e+002 1.17275542001272e+014
3.33805024672086e+002 1.19989154523130e+014
3.33863662629934e+002 1.22779299325562e+014
3.33922291832815e+002 1.25169871205100e+014
3.33980912278880e+002 1.26973769536884e+014
3.34039523966281e+002 1.28297682637247e+014
3.34098126893167e+002 1.29444271773063e+014
3.34156721057690e+002 1.30761611629473e+014
3.34215306458000e+002 1.32493401215415e+014
3.34273883092248e+002 1.34676396688439e+014
3.34332450958586e+002 1.37115969309164e+014
3.34391010055163e+002 1.39441812495604e+014
3.34449560380130e+002 1.41212267351862e+014
3.34508101931639e+002 1.42021504654259e+014
3.34566634707840e+002 1.41582513559825e+014
3.34625158706884e+002 1.39792187562801e+014
3.34683673926922e+002 1.36795857118168e+014
3.34742180366104e+002 1.33039985154166e+014
3.34800678022582e+002 1.29259289438698e+014
3.34859166894505e+002 1.26339738463829e+014
3.34917646980026e+002 1.25059991214275e+014
3.34976118277294e+002 1.25808908131719e+014
3.35034580784460e+002 1.28428702372080e+014
3.35093034499676e+002 1.32284969873058e+014
3.35151479421092e+002 1.36536807324169e+014
3.35209915546859e+002 1.40461303427423e+014
3.35268342875127e+002 1.43661131778575e+014
3.35326761404048e+002 1.46064235448998e+014
3.35385171131772e+002 1.47749272703232e+014
3.35443572056450e+002 1.48719139200103e+014
3.35501964176233e+002 1.48754300494279e+014
3.35560347489271e+002 1.47419163142636e+014
3.35618721993716e+002 1.44213055141883e+014
3.35677087687718e+002 1.38796303142749e+014
3.35735444569428e+002 1.31200853025387e+014
3.35793792636996e+002 1.21948510464940e+014
3.35852131888574e+002 1.12033139374868e+014
3.35910462322313e+002 1.02763753724869e+014
3.35968783936363e+002 9.55044901120771e+013
3.36027096728874e+002 9.13760001304870e+013
3.36085400697998e+002 9.09940846177262e+013
3.36143695841886e+002 9.43139935879909e+013
3.36201982158688e+002 1.00624749214010e+014
3.36260259646555e+002 1.08699637746387e+014
3.36318528303638e+002 1.17064017557218e+014
3.36376788128088e+002 1.24306109847023e+014
3.36435039118055e+002 1.29347705107617e+014
3.36493281271691e+002 1.31612872187102e+014
3.36551514587145e+002 1.31069703916635e+014
3.36609739062569e+002 1.28155056299468e+014
3.36667954696114e+002 1.23616543353082e+014
3.36726161485931e+002 1.18319157653519e+014
3.36784359430169e+002 1.13065552388184e+014
3.36842548526981e+002 1.08468946920938e+014
3.36900728774516e+002 1.04899825106689e+014
3.36958900170926e+002 1.02508453366585e+014
3.37017062714361e+002 1.01306849781853e+014
3.37075216402973e+002 1.01275047904814e+014
3.37133361234911e+002 1.02442681545032e+014
3.37191497208327e+002 1.04901934437871e+014
3.37249624321372e+002 1.08739300763110e+014
3.37307742572196e+002 1.13917601972120e+014
3.37365851958950e+002 1.20168085907222e+014
3.37423952479785e+002 1.26947441999949e+014
3.37482044132852e+002 1.33483873035300e+014
3.37540126916301e+002 1.38902428700053e+014
3.37598200828284e+002 1.42398703312203e+014
3.37656265866951e+002 1.43422522287920e+014
3.37714322030452e+002 1.41831958387255e+014
3.37772369316939e+002 1.37977636553542e+014
3.37830407724563e+002 1.32679847018716e+014
3.37888437251474e+002 1.27075767471705e+014
3.37946457895823e+002 1.22351057870910e+014
3.38004469655761e+002 1.19425838711878e+014
3.38062472529438e+002 1.18711373977922e+014
3.38120466515006e+002 1.20048215506288e+014
3.38178451610615e+002 1.22858894056378e+014
3.38236427814416e+002 1.26433338700636e+014
3.38294395124560e+002 1.30190921874587e+014
3.38352353539198e+002 1.33789483264238e+014
3.38410303056479e+002 1.37064259924213e+014
3.38468243674556e+002 1.39894498595624e+014
3.38526175391579e+002 1.42127491826853e+014
3.38584098205699e+002 1.43620630217248e+014
3.38642012115066e+002 1.44350950201037e+014
3.38699917117832e+002 1.44476273866001e+014
3.38757813212147e+002 1.44263678145095e+014
3.38815700396161e+002 1.43907950471395e+014
3.38873578668027e+002 1.43363706129648e+014
3.38931448025893e+002 1.42327648261307e+014
3.38989308467913e+002 1.40414201912711e+014
3.39047159992235e+002 1.37434055313355e+014
3.39105002597011e+002 1.33609336467183e+014
3.39162836280392e+002 1.29593660998856e+014
3.39220661040528e+002 1.26280055494451e+014
3.39278476875570e+002 1.24495069810639e+014
3.39336283783670e+002 1.24726548239169e+014
3.39394081762977e+002 1.26999765348674e+014
3.39451870811643e+002 1.30932937107789e+014
3.39509650927818e+002 1.35918881008872e+014
3.39567422109654e+002 1.41336013271191e+014
3.39625184355301e+002 1.46701728275039e+014
3.39682937662909e+002 1.51726525488644e+014
3.39740682030630e+002 1.56276276578126e+014
3.39798417456614e+002 1.60281319707080e+014
3.39856143939013e+002 1.63642777573608e+014
3.39913861475976e+002 1.66184061431566e+014
3.39971570065655e+002 1.67677315739096e+014
3.40029269706201e+002 1.67937221372263e+014
3.40086960395764e+002 1.66931342189537e+014
3.40144642132496e+002 1.64838056740649e+014
3.40202314914546e+002 1.62011133245629e+014
3.40259978740065e+002 1.58867989292792e+014
3.40317633607206e+002 1.55762838080765e+014
3.40375279514117e+002 1.52905764106115e+014
3.40432916458951e+002 1.50353606154454e+014
3.40490544439858e+002 1.48061076406663e+014
3.40548163454988e+002 1.45961521193363e+014
3.40605773502493e+002 1.44043290935625e+014
3.40663374580523e+002 1.42391175102223e+014
3.40720966687229e+002 1.41173403367689e+014
3.40778549820761e+002 1.40575403025987e+014
3.40836123979272e+002 1.40703527334128e+014
3.40893689160911e+002 1.41493284617588e+014
3.40951245363829e+002 1.42656305810357e+014
3.41008792586177e+002 1.43696094763818e+014
3.41066330826106e+002 1.44013400578085e+014
3.41123860081766e+002 1.43095135210452e+014
3.41181380351309e+002 1.40733550187943e+014
3.41238891632885e+002 1.37180469025552e+014
3.41296393924645e+002 1.33143980902868e+014
3.41353887224740e+002 1.29598170927883e+014
3.41411371531320e+002 1.27471699080514e+014
3.41468846842537e+002 1.27350820919732e+014
3.41526313156540e+002 1.29329558567447e+014
3.41583770471482e+002 1.33060657415333e+014
3.41641218785512e+002 1.37951728600002e+014
3.41698658096782e+002 1.43380318019018e+014
3.41756088403442e+002 1.48814857695496e+014
3.41813509703643e+002 1.53812703490030e+014
3.41870921995536e+002 1.57957996909031e+014
3.41928325277272e+002 1.60835336930054e+014
3.41985719547001e+002 1.62093464757061e+014
3.42043104802875e+002 1.61576166604228e+014
3.42100481043043e+002 1.59442749918388e+014
3.42157848265657e+002 1.56198006429494e+014
3.42215206468868e+002 1.52593358209360e+014
3.42272555650827e+002 1.49420739814214e+014
3.42329895809683e+002 1.47274642965984e+014
3.42387226943589e+002 1.46385161728955e+014
3.42444549050694e+002 1.46606245847391e+014
3.42501862129150e+002 1.47572891615030e+014
3.42559166177107e+002 1.48946721649199e+014
3.42616461192717e+002 1.50609307090220e+014
3.42673747174129e+002 1.52685461264775e+014
3.42731024119495e+002 1.55379841051739e+014
3.42788292026966e+002 1.58726801378461e+014
3.42845550894692e+002 1.62409491114999e+014
3.42902800720824e+002 1.65765954562247e+014
3.42960041503513e+002 1.67995965095779e+014
3.43017273240910e+002 1.68476340737418e+014
3.43074495931166e+002 1.67039262226130e+014
3.43131709572430e+002 1.64085428238277e+014
3.43188914162855e+002 1.60474529915934e+014
3.43246109700590e+002 1.57226649614584e+014
3.43303296183788e+002 1.55147546574547e+014
3.43360473610597e+002 1.54530388496127e+014
3.43417641979170e+002 1.55063519842742e+014
3.43474801287657e+002 1.55984362824594e+014
3.43531951534209e+002 1.56398052723188e+014
3.43589092716976e+002 1.55595259484841e+014
3.43646224834110e+002 1.53217277572806e+014
3.43703347883761e+002 1.49225572999619e+014
3.43760461864080e+002 1.43762378487731e+014
3.43817566773218e+002 1.37043907615563e+014
3.43874662609325e+002 1.29369946044484e+014
3.43931749370553e+002 1.21213736319022e+014
3.43988827055052e+002 1.13273752775467e+014
3.44045895660973e+002 1.06391018312736e+014
3.44102955186466e+002 1.01341061723405e+014
3.44160005629683e+002 9.86091441632212e+013
3.44217046988775e+002 9.82716652147368e+013
3.44274079261892e+002 1.00033227431531e+014
3.44331102447184e+002 1.03375986979556e+014
3.44388116542803e+002 1.07735593923160e+014
3.44445121546900e+002 1.12637863643250e+014
3.44502117457625e+002 1.17771981657636e+014
3.44559104273129e+002 1.23001069427963e+014
3.44616081991563e+002 1.28317970128459e+014
3.44673050611078e+002 1.33761987138126e+014
3.44730010129824e+002 1.39325427882937e+014
3.44786960545952e+002 1.44883097995726e+014
3.44843901857614e+002 1.50166575348362e+014
3.44900834062959e+002 1.54791073806764e+014
3.44957757160139e+002 1.58337950662282e+014
3.45014671147304e+002 1.60489530695052e+014
3.45071576022605e+002 1.61184887304253e+014
3.45128471784194e+002 1.60722898074817e+014
3.45185358430220e+002 1.59725824535492e+014
3.45242235958835e+002 1.58931431879376e+014
3.45299104368189e+002 1.58886837983294e+014
3.45355963656433e+002 1.59698436668275e+014
3.45412813821719e+002 1.60978407607134e+014
3.45469654862196e+002 1.62018681947293e+014
3.45526486776015e+002 1.62093827106790e+014
3.45583309561328e+002 1.60735254309582e+014
3.45640123216285e+002 1.57861284218611e+014
3.45696927739037e+002 1.53745625116879e+014
3.45753723127735e+002 1.48887500517719e+014
3.45810509380529e+002 1.43868777416001e+014
3.45867286495570e+002 1.39255395931654e+014
3.45924054471010e+002 1.35554369210818e+014
3.45980813304998e+002 1.33199883981813e+014
3.46037562995686e+002 1.32526373707746e+014
3.46094303541225e+002 1.33699921230732e+014
3.46151034939765e+002 1.36619641845867e+014
3.46207757189456e+002 1.40847055640889e+014
3.46264470288451e+002 1.45639046532869e+014
3.46321174234899e+002 1.50123787446989e+014
3.46377869026952e+002 1.53578880763283e+014
3.46434554662760e+002 1.55693657776169e+014
3.46491231140474e+002 1.56679155711782e+014
3.46547898458244e+002 1.57154696382223e+014
3.46604556614222e+002 1.57858270053839e+014
3.46661205606559e+002 1.59325257312814e+014
3.46717845433405e+002 1.61689813569514e+014
3.46774476092911e+002 1.64679281027748e+014
3.46831097583227e+002 1.67757802794403e+014
3.46887709902505e+002 1.70313185676283e+014
3.46944313048895e+002 1.71802722546599e+014
3.47000907020549e+002 1.71838209325577e+014
3.47057491815616e+002 1.70231491994393e+014
3.47114067432248e+002 1.67014381731896e+014
3.47170633868596e+002 1.62422996043264e+014
3.47227191122810e+002 1.56839765640724e+014
3.47283739193041e+002 1.50718082263126e+014
3.47340278077439e+002 1.44535093981686e+014
3.47396807774157e+002 1.38795012381340e+014
3.47453328281344e+002 1.34052785777998e+014
3.47509839597151e+002 1.30894742986665e+014
3.47566341719729e+002 1.29834094849689e+014
3.47622834647229e+002 1.31143515449453e+014
3.47679318377802e+002 1.34706243243748e+014
3.47735792909598e+002 1.39975766993067e+014
3.47792258240768e+002 1.46083409347949e+014
3.47848714369463e+002 1.52055690467035e+014
3.47905161293834e+002 1.57049182171264e+014
3.47961599012032e+002 1.60512287414879e+014
3.48018027522207e+002 1.62234804640300e+014
3.48074446822510e+002 1.62308626502517e+014
3.48130856911092e+002 1.61054771890464e+014
3.48187257786104e+002 1.58958632833358e+014
3.48243649445696e+002 1.56616889250526e+014
3.48300031888020e+002 1.54670751408944e+014
3.48356405111226e+002 1.53701870700533e+014
3.48412769113465e+002 1.54094158024973e+014
3.48469123892887e+002 1.55896674677588e+014
3.48525469447644e+002 1.58742429449955e+014
3.48581805775886e+002 1.61876833631260e+014
3.48638132875765e+002 1.64323130739830e+014
3.48694450745430e+002 1.65160545968542e+014
3.48750759383033e+002 1.63829918117509e+014
3.48807058786724e+002 1.60345459800967e+014
3.48863348954654e+002 1.55313002150819e+014
3.48919629884975e+002 1.49736040222996e+014
3.48975901575836e+002 1.44690519227376e+014
3.49032164025389e+002 1.41008654145124e+014
3.49088417231785e+002 1.39094506660327e+014
3.49144661193173e+002 1.38912072195985e+014
3.49200895907706e+002 1.40095682591106e+014
3.49257121373533e+002 1.42093262230675e+014
3.49313337588806e+002 1.44285408354525e+014
3.49369544551676e+002 1.46088409336888e+014
3.49425742260292e+002 1.47080685827970e+014
3.49481930712807e+002 1.47156304367726e+014
3.49538109907370e+002 1.46639568834223e+014
3.49594279842133e+002 1.46262432676219e+014
3.49650440515246e+002 1.46955025871302e+014
3.49706591924860e+002 1.49505103033450e+014
3.49762734069126e+002 1.54233325055089e+014
3.49818866946195e+002 1.60843531776812e+014
3.49874990554217e+002 1.68526807082224e+014
3.49931104891344e+002 1.76268905645502e+014
3.49987209955725e+002 1.83206764701186e+014
3.50043305745513e+002 1.88862039400549e+014
3.50099392258857e+002 1.93157602545168e+014
3.50155469493909e+002 1.96248617248703e+014
3.50211537448819e+002 1.98297728530661e+014
3.50267596121738e+002 1.99338788886486e+014
3.50323645510816e+002 1.99302049473236e+014
3.50379685614206e+002 1.98163394159095e+014
3.50435716430057e+002 1.96099385867817e+014
3.50491737956520e+002 1.93527442721851e+014
3.50547750191746e+002 1.90986011281427e+014
3.50603753133885e+002 1.88913793756797e+014
3.50659746781090e+002 1.87453768088147e+014
3.50715731131509e+002 1.86396738588554e+014
3.50771706183295e+002 1.85299315237362e+014
3.50827671934598e+002 1.83711304843852e+014
3.50883628383569e+002 1.81386229623385e+014
3.50939575528358e+002 1.78362657289581e+014
3.50995513367116e+002 1.74886601534324e+014
3.51051441897995e+002 1.71246138802685e+014
3.51107361119144e+002 1.67642033902011e+014
3.51163271028715e+002 1.64184926223754e+014
3.51219171624859e+002 1.61012719675732e+014
3.51275062905726e+002 1.58430213429203e+014
3.51330944869467e+002 1.56950943754843e+014
3.51386817514233e+002 1.57181161037145e+014
3.51442680838174e+002 1.59584047655557e+014
3.51498534839442e+002 1.64235388198268e+014
3.51554379516188e+002 1.70690394417069e+014
3.51610214866561e+002 1.78028209345045e+014
3.51666040888713e+002 1.85060581775531e+014
3.51721857580795e+002 1.90625833014431e+014
3.51777664940957e+002 1.93864785188836e+014
3.51833462967350e+002 1.94393595401357e+014
3.51889251658125e+002 1.92332488481680e+014
3.51945031011433e+002 1.88197636487688e+014
3.52000801025425e+002 1.82701701854019e+014
3.52056561698251e+002 1.76532097572376e+014
3.52112313028062e+002 1.70182270737617e+014
3.52168055013010e+002 1.63894736113914e+014
3.52223787651243e+002 1.57732123221157e+014
3.52279510940915e+002 1.51735926715659e+014
3.52335224880175e+002 1.46090503090086e+014
3.52390929467173e+002 1.41208802154269e+014
3.52446624700062e+002 1.37697309900230e+014
3.52502310576992e+002 1.36213175034077e+014
3.52557987096113e+002 1.37265470117965e+014
3.52613654255576e+002 1.41025609771453e+014
3.52669312053532e+002 1.47208661742070e+014
3.52724960488132e+002 1.55073666774728e+014
3.52780599557527e+002 1.63560512403030e+014
3.52836229259868e+002 1.71531962701067e+014
3.52891849593304e+002 1.78043357808192e+014
3.52947460555988e+002 1.82550692875622e+014
3.53003062146069e+002 1.84999556700191e+014
3.53058654361699e+002 1.85787292731897e+014
3.53114237201029e+002 1.85624330579837e+014
3.53169810662208e+002 1.85329493026397e+014
3.53225374743389e+002 1.85598875958757e+014
3.53280929442721e+002 1.86805691248478e+014
3.53336474758356e+002 1.88904527855946e+014
3.53392010688445e+002 1.91494152841315e+014
3.53447537231137e+002 1.94026714155636e+014
3.53503054384585e+002 1.96071671805581e+014
3.53558562146938e+002 1.97505235910030e+014
3.53614060516348e+002 1.98530721869750e+014
3.53669549490965e+002 1.99523572780517e+014
3.53725029068940e+002 2.00786349891223e+014
3.53780499248424e+002 2.02346140288253e+014
3.53835960027568e+002 2.03907249694527e+014
3.53891411404522e+002 2.04993482352192e+014
3.53946853377438e+002 2.05211932162108e+014
3.54002285944465e+002 2.04497041326363e+014
3.54057709103756e+002 2.03196207801898e+014
3.54113122853460e+002 2.01942808177090e+014
3.54168527191728e+002 2.01381843905390e+014
3.54223922116712e+002 2.01893534523178e+014
3.54279307626562e+002 2.03452351525517e+014
3.54334683719429e+002 2.05674297266336e+014
3.54390050393463e+002 2.08003099298236e+014
3.54445407646816e+002 2.09929012041174e+014
3.54500755477638e+002 2.11145543189760e+014
3.54556093884080e+002 2.11604940004812e+014
3.54611422864292e+002 2.11485988636913e+014
3.54666742416427e+002 2.11107397217081e+014
3.54722052538633e+002 2.10812783847562e+014
3.54777353229063e+002 2.10846610597561e+014
3.54832644485867e+002 2.11249983763450e+014
3.54887926307195e+002 2.11817374011747e+014
3.54943198691199e+002 2.12144492476803e+014
3.54998461636030e+002 2.11758999733942e+014
3.55053715139837e+002 2.10284843955104e+014
3.55108959200773e+002 2.07578394048428e+014
3.55164193816987e+002 2.03794933562021e+014
3.55219418986630e+002 1.99374731446526e+014
3.55274634707854e+002 1.94955840231409e+014
3.55329840978809e+002 1.91226507358592e+014
3.55385037797646e+002 1.88741522586243e+014
3.55440225162515e+002 1.87751722845286e+014
3.55495403071568e+002 1.88116009998776e+014
3.55550571522955e+002 1.89351204789996e+014
3.55605730514827e+002 1.90818327041489e+014
3.55660880045335e+002 1.91972789234732e+014
3.55716020112630e+002 1.92567435999642e+014
3.55771150714862e+002 1.92719711629373e+014
3.55826271850182e+002 1.92824019917003e+014
3.55881383516741e+002 1.93362658008987e+014
3.55936485712690e+002 1.94700861273507e+014
3.55991578436180e+002 1.96933244495990e+014
3.56046661685361e+002 1.99806586762201e+014
3.56101735458384e+002 2.02716448896539e+014
3.56156799753400e+002 2.04779801703044e+014
3.56211854568560e+002 2.05002104352905e+014
3.56266899902014e+002 2.02545360779920e+014
3.56321935751914e+002 1.97045713653747e+014
3.56376962116409e+002 1.88856171461747e+014
3.56431978993652e+002 1.79066195343539e+014
3.56486986381792e+002 1.69220963971653e+014
3.56541984278981e+002 1.60810904985202e+014
3.56596972683369e+002 1.54744225578122e+014
3.56651951593108e+002 1.51056304620230e+014
3.56706921006347e+002 1.49008596242586e+014
3.56761880921237e+002 1.47533035150162e+014
3.56816831335930e+002 1.45796673851498e+014
3.56871772248577e+002 1.43602089656628e+014
3.56926703657327e+002 1.41436618519936e+014
3.56981625560332e+002 1.40177865959620e+014
3.57036537955743e+002 1.40638224344382e+014
3.57091440841711e+002 1.43189897859383e+014
3.57146334216385e+002 1.47635138593269e+014
3.57201218077918e+002 1.53336936906569e+014
3.57256092424459e+002 1.59497215025390e+014
3.57310957254160e+002 1.65424837469203e+014
3.57365812565171e+002 1.70676814947230e+014
3.57420658355643e+002 1.75041720201961e+014
3.57475494623727e+002 1.78415044522505e+014
3.57530321367574e+002 1.80658320235499e+014
3.57585138585335e+002 1.81526138910184e+014
3.57639946275160e+002 1.80697677698228e+014
3.57694744435200e+002 1.77889419665663e+014
3.57749533063606e+002 1.72987338842279e+014
3.57804312158528e+002 1.66139828468810e+014
3.57859081718118e+002 1.57786801053504e+014
3.57913841740527e+002 1.48631944329484e+014
3.57968592223904e+002 1.39567685306572e+014
3.58023333166401e+002 1.31544862259603e+014
3.58078064566169e+002 1.25378476905138e+014
3.58132786421359e+002 1.21521371185440e+014
3.58187498730120e+002 1.19896073516096e+014
3.58242201490605e+002 1.19893502643225e+014
3.58296894700963e+002 1.20586892584988e+014
3.58351578359346e+002 1.21094251906086e+014
3.58406252463905e+002 1.20928711381100e+014
3.58460917012790e+002 1.20172079687141e+014
3.58515572004151e+002 1.19399924326765e+014
3.58570217436141e+002 1.19416692619815e+014
3.58624853306909e+002 1.20945772114936e+014
3.58679479614606e+002 1.24416112363107e+014
3.58734096357384e+002 1.29908651533768e+014
3.58788703533392e+002 1.37229016698728e+014
3.58843301140783e+002 1.46016364664112e+014
3.58897889177705e+002 1.55808612562711e+014
3.58952467642311e+002 1.66046292494643e+014
3.59007036532752e+002 1.76064856842695e+014
3.59061595847177e+002 1.85149283461809e+014
3.59116145583738e+002 1.92684354103869e+014
3.59170685740585e+002 1.98354210938017e+014
3.59225216315869e+002 2.02283800530318e+014
3.59279737307742e+002 2.05022630219145e+014
3.59334248714354e+002 2.07350238687272e+014
3.59388750533855e+002 2.09983183870177e+014
3.59443242764396e+002 2.13319746998301e+014
3.59497725404129e+002 2.17336988087977e+014
3.59552198451204e+002 2.21672906439896e+014
3.59606661903772e+002 2.25835002976883e+014
3.59661115759983e+002 2.29423177948445e+014
3.59715560017989e+002 2.32259799912601e+014
3.59769994675940e+002 2.34373729504209e+014
3.59824419731987e+002 2.35860725927731e+014
3.59878835184280e+002 2.36706378996235e+014
3.59933241030972e+002 2.36679581382283e+014
3.59987637270211e+002 2.35370146903431e+014
3.60042023900150e+002 2.32365923639386e+014
3.60096400918939e+002 2.27482902515672e+014
3.60150768324728e+002 2.20925433556500e+014
3.60205126115669e+002 2.13288472445776e+014
3.60259474289912e+002 2.05399560967768e+014
3.60313812845609e+002 1.98079343184583e+014
3.60368141780909e+002 1.91925253142239e+014
3.60422461093964e+002 1.87187415322119e+014
3.60476770782925e+002 1.83748469871161e+014
3.60531070845941e+002 1.81186945810370e+014
3.60585361281165e+002 1.78907767705519e+014
3.60639642086747e+002 1.76332900100416e+014
3.60693913260837e+002 1.73125188926450e+014
3.60748174801587e+002 1.69372753887422e+014
3.60802426707147e+002 1.65634589322369e+014
3.60856668975668e+002 1.62784804460647e+014
3.60910901605301e+002 1.61690126174908e+014
3.60965124594197e+002 1.62856052094807e+014
3.61019337940506e+002 1.66211560171150e+014
3.61073541642379e+002 1.71140722552778e+014
3.61127735697967e+002 1.76743592815850e+014
3.61181920105421e+002 1.82189791921823e+014
3.61236094862891e+002 1.86982995654949e+014
3.61290259968529e+002 1.91007630726757e+014
3.61344415420485e+002 1.94351003598219e+014
3.61398561216910e+002 1.97017861807225e+014
3.61452697355955e+002 1.98712642740737e+014
3.61506823835770e+002 1.98827389139938e+014
3.61560940654506e+002 1.96663701505264e+014
3.61615047810315e+002 1.91794801504138e+014
3.61669145301346e+002 1.84399196143530e+014
3.61723233125751e+002 1.75402129954584e+014
3.61777311281681e+002 1.66339335150063e+014
3.61831379767286e+002 1.58974696196343e+014
3.61885438580717e+002 1.54809390724815e+014
3.61939487720125e+002 1.54667450123953e+014
3.61993527183661e+002 1.58508516285125e+014
3.62047556969475e+002 1.65520497105187e+014
3.62101577075718e+002 1.74434031028051e+014
3.62155587500541e+002 1.83929617312328e+014
3.62209588242095e+002 1.92997866386158e+014
3.62263579298531e+002 2.01148774006494e+014
3.62317560667999e+002 2.08421274029597e+014
3.62371532348650e+002 2.15205144955325e+014
3.62425494338635e+002 2.21947395600151e+014
3.62479446636106e+002 2.28858731668917e+014
3.62533389239211e+002 2.35736178979568e+014
3.62587322146103e+002 2.41963323310637e+014
3.62641245354932e+002 2.46665180009450e+014
3.62695158863849e+002 2.48932867734140e+014
3.62749062671005e+002 2.48032044461313e+014
3.62802956774550e+002 2.43558000100176e+014
3.62856841172636e+002 2.35548085664445e+014
3.62910715863413e+002 2.24562962397920e+014
3.62964580845032e+002 2.11705135187539e+014
3.63018436115643e+002 1.98508517211314e+014
3.63072281673398e+002 1.86660311196414e+014
3.63126117516447e+002 1.77607903835931e+014
3.63179943642941e+002 1.72196911846838e+014
3.63233760051031e+002 1.70503650745173e+014
3.63287566738868e+002 1.71938511189351e+014
3.63341363704602e+002 1.75557740114247e+014
3.63395150946384e+002 1.80422819846019e+014
3.63448928462366e+002 1.85850102723836e+014
3.63502696250697e+002 1.91482753770523e+014
3.63556454309529e+002 1.97219680562034e+014
3.63610202637012e+002 2.03085768900759e+014
3.63663941231298e+002 2.09112414869100e+014
3.63717670090536e+002 2.15254610836066e+014
3.63771389212878e+002 2.21343474763030e+014
3.63825098596475e+002 2.27072868493977e+014
3.63878798239477e+002 2.32026989300379e+014
3.63932488140035e+002 2.35751463191017e+014
3.63986168296301e+002 2.37852180217347e+014
3.64039838706424e+002 2.38089717609656e+014
3.64093499368555e+002 2.36437408661302e+014
3.64147150280846e+002 2.33087838448614e+014
3.64200791441447e+002 2.28413224543095e+014
3.64254422848509e+002 2.22896895773742e+014
3.64308044500182e+002 2.17052864607625e+014
3.64361656394618e+002 2.11345636546821e+014
3.64415258529967e+002 2.06122544576500e+014
3.64468850904381e+002 2.01577403015098e+014
3.64522433516009e+002 1.97766699765323e+014
3.64576006363003e+002 1.94684349301757e+014
3.64629569443513e+002 1.92368212958610e+014
3.64683122755691e+002 1.90982351598070e+014
3.64736666297686e+002 1.90821498427971e+014
3.64790200067651e+002 1.92226212165615e+014
3.64843724063735e+002 1.95452059077700e+014
3.64897238284089e+002 2.00562465103949e+014
3.64950742726865e+002 2.07392769738872e+014
3.65004237390212e+002 2.15583001620633e+014
3.65057722272282e+002 2.24640929966117e+014
3.65111197371226e+002 2.34000363666252e+014
3.65164662685195e+002 2.43070873079437e+014
3.65218118212338e+002 2.51299511018272e+014
3.65271563950807e+002 2.58258107271600e+014
3.65324999898753e+002 2.63737803125984e+014
3.65378426054327e+002 2.67805589782593e+014
3.65431842415679e+002 2.70782153109165e+014
3.65485248980960e+002 2.73136668023940e+014
3.65538645748321e+002 2.75337345437315e+014
3.65592032715913e+002 2.77717235642875e+014
3.65645409881886e+002 2.80401806592143e+014
3.65698777244391e+002 2.83310967386161e+014
3.65752134801580e+002 2.86216746517671e+014
3.65805482551602e+002 2.88824061971033e+014
3.65858820492609e+002 2.90845548305369e+014
3.65912148622751e+002 2.92053057898956e+014
3.65965466940180e+002 2.92301513012353e+014
3.66018775443046e+002 2.91533034313291e+014
3.66072074129499e+002 2.89777450107904e+014
3.66125362997691e+002 2.87162474470528e+014
3.66178642045773e+002 2.83930157914002e+014
3.66231911271894e+002 2.80435924221000e+014
3.66285170674207e+002 2.77101871613235e+014
3.66338420250862e+002 2.74318130594860e+014
3.66391660000009e+002 2.72323508772345e+014
3.66444889919799e+002 2.71121291306430e+014
3.66498110008383e+002 2.70476127129659e+014
3.66551320263913e+002 2.69998216448654e+014
3.66604520684538e+002 2.69279884386260e+014
3.66657711268410e+002 2.68034168038674e+014
3.66710892013679e+002 2.66197634456819e+014
3.66764062918496e+002 2.63979099116079e+014
3.66817223981012e+002 2.61842844480191e+014
3.66870375199378e+002 2.60413693153435e+014
3.66923516571744e+002 2.60303967632364e+014
3.66976648096262e+002 2.61900080012277e+014
3.67029769771081e+002 2.65189058903152e+014
3.67082881594354e+002 2.69713588417768e+014
3.67135983564230e+002 2.74695591565016e+014
3.67189075678860e+002 2.79282716135907e+014
3.67242157936396e+002 2.82802352129888e+014
3.67295230334988e+002 2.84902924519397e+014
3.67348292872786e+002 2.85529772815557e+014
3.67401345547942e+002 2.84781177467609e+014
3.67454388358607e+002 2.82755155695558e+014
3.67507421302931e+002 2.79487759463461e+014
3.67560444379065e+002 2.75008973375663e+014
3.67613457585159e+002 2.69457884743911e+014
3.67666460919365e+002 2.63163911178674e+014
3.67719454379834e+002 2.56635062422011e+014
3.67772437964715e+002 2.50464178943164e+014
3.67825411672161e+002 2.45213151000121e+014
3.67878375500321e+002 2.41330361363492e+014
3.67931329447347e+002 2.39113290503132e+014
3.67984273511389e+002 2.38690752132507e+014
3.68037207690598e+002 2.39998477955635e+014
3.68090131983126e+002 2.42750318336959e+014
3.68143046387121e+002 2.46432984838102e+014
3.68195950900737e+002 2.50351819345942e+014
3.68248845522122e+002 2.53732438637251e+014
3.68301730249429e+002 2.55858350787846e+014
3.68354605080807e+002 2.56212324782303e+014
3.68407470014409e+002 2.54589841507893e+014
3.68460325048383e+002 2.51160391475194e+014
3.68513170180882e+002 2.46463087920380e+014
3.68566005410056e+002 2.41335677173403e+014
3.68618830734056e+002 2.36787981294370e+014
3.68671646151032e+002 2.33839024809335e+014
3.68724451659135e+002 2.33341546477897e+014
3.68777247256517e+002 2.35820621591549e+014
3.68830032941328e+002 2.41354975652844e+014
3.68882808711719e+002 2.49527311372655e+014
3.68935574565840e+002 2.59461416666379e+014
3.68988330501842e+002 2.69950525183842e+014
3.69041076517877e+002 2.79665666365478e+014
3.69093812612095e+002 2.87413752989201e+014
3.69146538782646e+002 2.92392475608831e+014
3.69199255027682e+002 2.94370861692874e+014
3.69251961345353e+002 2.93728292155707e+014
3.69304657733811e+002 2.91324406900560e+014
3.69357344191205e+002 2.88238855189677e+014
3.69410020715687e+002 2.85478977863416e+014
3.69462687305407e+002 2.83766444742017e+014
3.69515343958517e+002 2.83467715778257e+014
3.69567990673166e+002 2.84654650591059e+014
3.69620627447507e+002 2.87219822664476e+014
3.69673254279689e+002 2.90962512460904e+014
3.69725871167864e+002 2.95604715445028e+014
3.69778478110182e+002 3.00757022706805e+014
3.69831075104794e+002 3.05890501582645e+014
3.69883662149850e+002 3.10362653072412e+014
3.69936239243503e+002 3.13504509639689e+014
3.69988806383901e+002 3.14733396390918e+014
3.70041363569197e+002 3.13641166164752e+014
3.70093910797541e+002 3.10028797580809e+014
3.70146448067084e+002 3.03897083164883e+014
3.70198975375976e+002 2.95429283940587e+014
3.70251492722369e+002 2.84994953063446e+014
3.70304000104413e+002 2.73170518645877e+014
3.70356497520258e+002 2.60739258361156e+014
3.70408984968057e+002 2.48628891278497e+014
3.70461462445959e+002 2.37776046077051e+014
3.70513929952115e+002 2.28954469694251e+014
3.70566387484676e+002 2.22636664522457e+014
3.70618835041793e+002 2.18953479493813e+014
3.70671272621617e+002 2.17772109692585e+014
3.70723700222299e+002 2.18852734451112e+014
3.70776117841988e+002 2.22002146694776e+014
3.70828525478837e+002 2.27145659881920e+014
3.70880923130996e+002 2.34286800781646e+014
3.70933310796615e+002 2.43389180922068e+014
3.70985688473846e+002 2.54255704468006e+014
3.71038056160839e+002 2.66472024092085e+014
3.71090413855745e+002 2.79433439195359e+014
3.71142761556714e+002 2.92424148295712e+014
3.71195099261899e+002 3.04700372673828e+014
3.71247426969449e+002 3.15550459158064e+014
3.71299744677515e+002 3.24339315932390e+014
3.71352052384247e+002 3.30557104840691e+014
3.71404350087798e+002 3.33871975736256e+014
3.71456637786317e+002 3.34156171939858e+014
3.71508915477956e+002 3.31449818651416e+014
3.71561183160865e+002 3.25862652606533e+014
3.71613440833195e+002 3.17468699812498e+014
3.71665688493096e+002 3.06277127930897e+014
3.71717926138720e+002 2.92332241348640e+014
3.71770153768217e+002 2.75917134665850e+014
3.71822371379739e+002 2.57758312269055e+014
3.71874578971435e+002 2.39106686147148e+014
3.71926776541457e+002 2.21622756816624e+014
3.71978964087955e+002 2.07089438121132e+014
3.72031141609081e+002 1.97056091488348e+014
3.72083309102985e+002 1.92536884560996e+014
3.72135466567817e+002 1.93843883825268e+014
3.72187614001730e+002 2.00567438726477e+014
3.72239751402872e+002 2.11667833501364e+014
3.72291878769396e+002 2.25633263727821e+014
3.72343996099452e+002 2.40678852864173e+014
3.72396103391191e+002 2.54982788525274e+014
3.72448200642764e+002 2.66956734983199e+014
3.72500287852320e+002 2.75522621141462e+014
3.72552365018012e+002 2.80329084376898e+014
3.72604432137990e+002 2.81815940750800e+014
3.72656489210405e+002 2.81055708260746e+014
3.72708536233407e+002 2.79379615500829e+014
3.72760573205148e+002 2.77902415404121e+014
3.72812600123778e+002 2.77131133907822e+014
3.72864616987447e+002 2.76820522287321e+014
3.72916623794308e+002 2.76122913689558e+014
3.72968620542510e+002 2.73939935934416e+014
3.73020607230204e+002 2.69305572980392e+014
3.73072583855542e+002 2.61655169487950e+014
3.73124550416673e+002 2.50929212120471e+014
3.73176506911749e+002 2.37549353307444e+014
3.73228453338920e+002 2.22333738299275e+014
3.73280389696338e+002 2.06392624261845e+014
3.73332315982153e+002 1.91007265148824e+014
3.73384232194515e+002 1.77484130932118e+014
3.73436138331577e+002 1.66996145939827e+014
3.73488034391487e+002 1.60445846595717e+014
3.73539920372398e+002 1.58384765932955e+014
3.73591796272460e+002 1.60996072810377e+014
3.73643662089824e+002 1.68115780594185e+014
3.73695517822640e+002 1.79257752086065e+014
3.73747363469060e+002 1.93626156437268e+014
3.73799199027234e+002 2.10128916417307e+014
3.73851024495313e+002 2.27422438750544e+014
3.73902839871448e+002 2.44010591203079e+014
3.73954645153789e+002 2.58398197977973e+014
3.74006440340488e+002 2.69277403557760e+014
3.74058225429695e+002 2.75712423166872e+014
3.74110000419560e+002 2.77283046952770e+014
3.74161765308236e+002 2.74148373384653e+014
3.74213520093872e+002 2.67004355930633e+014
3.74265264774619e+002 2.56936081081328e+014
3.74316999348628e+002 2.45200710395285e+014
3.74368723814051e+002 2.33000524924307e+014
3.74420438169037e+002 2.21302290075730e+014
3.74472142411737e+002 2.10733864135488e+014
3.74523836540303e+002 2.01563453727764e+014
3.74575520552884e+002 1.93758299712722e+014
3.74627194447633e+002 1.87121205541593e+014
3.74678858222699e+002 1.81491371754908e+014
3.74730511876234e+002 1.76958756311611e+014
3.74782155406388e+002 1.74000743713176e+014
3.74833788811312e+002 1.73449353353910e+014
3.74885412089157e+002 1.76260703972604e+014
3.74937025238073e+002 1.83161173861925e+014
3.74988628256212e+002 1.94323685192366e+014
3.75040221141724e+002 2.09226654675508e+014
3.75091803892760e+002 2.26760673086462e+014
3.75143376507470e+002 2.45523028481001e+014
3.75194938984007e+002 2.64150280099777e+014
3.75246491320519e+002 2.81534077701909e+014
3.75298033515159e+002 2.96844218126972e+014
3.75349565566077e+002 3.09397909410053e+014
3.75401087471423e+002 3.18501258739380e+014
3.75452599229349e+002 3.23402910090934e+014
3.75504100838005e+002 3.23435359792496e+014
3.75555592295543e+002 3.18310539128616e+014
3.75607073600112e+002 3.08437021710684e+014
3.75658544749864e+002 2.95086648971373e+014
3.75710005742949e+002 2.80282456808987e+014
3.75761456577519e+002 2.66393456177248e+014
3.75812897251724e+002 2.55555364200684e+014
3.75864327763714e+002 2.49124918894697e+014
3.75915748111641e+002 2.47371910522466e+014
3.75967158293656e+002 2.49516679380006e+014
3.76018558307909e+002 2.54079816469501e+014
3.76069948152551e+002 2.59394547186497e+014
3.76121327825733e+002 2.64090352739963e+014
3.76172697325605e+002 2.67394199422177e+014
3.76224056650319e+002 2.69182018453692e+014
3.76275405798025e+002 2.69807092724870e+014
3.76326744766873e+002 2.69804552718586e+014
3.76378073555016e+002 2.69605779835484e+014
3.76429392160603e+002 2.69382293130253e+014
3.76480700581786e+002 2.69073516737075e+014
3.76531998816715e+002 2.68557550933009e+014
3.76583286863540e+002 2.67846239832931e+014
3.76634564720414e+002 2.67175857492644e+014
3.76685832385485e+002 2.66936202524157e+014
3.76737089856907e+002 2.67490878742108e+014
3.76788337132828e+002 2.69014972677008e+014
3.76839574211400e+002 2.71460611312204e+014
3.76890801090774e+002 2.74667179165547e+014
3.76942017769100e+002 2.78529378158465e+014
3.76993224244530e+002 2.83097031323626e+014
3.77044420515214e+002 2.88531250836465e+014
3.77095606579302e+002 2.94943078548899e+014
3.77146782434946e+002 3.02220897231413e+014
3.77197948080297e+002 3.09959912375581e+014
3.77249103513505e+002 3.17542416756791e+014
3.77300248732721e+002 3.24328715078852e+014
3.77351383736095e+002 3.29861472398755e+014
3.77402508521780e+002 3.33989223467513e+014
3.77453623087924e+002 3.36866796124027e+014
3.77504727432680e+002 3.38855286337524e+014
3.77555821554198e+002 3.40385699784042e+014
3.77606905450628e+002 3.41851079680130e+014
3.77657979120122e+002 3.43558699188894e+014
3.77709042560831e+002 3.45730719350465e+014
3.77760095770905e+002 3.48515640194109e+014
3.77811138748494e+002 3.51978622370734e+014
3.77862171491751e+002 3.56069567729713e+014
3.77913193998824e+002 3.60599109796872e+014
3.77964206267866e+002 3.65258537145893e+014
3.78015208297028e+002 3.69692602695877e+014
3.78066200084459e+002 3.73592349714729e+014
3.78117181628311e+002 3.76750549814402e+014
3.78168152926734e+002 3.79037496240059e+014
3.78219113977879e+002 3.80304928616025e+014
3.78270064779898e+002 3.80280166353921e+014
3.78321005330940e+002 3.78533885359691e+014
3.78371935629158e+002 3.74573858198357e+014
3.78422855672700e+002 3.68045907822266e+014
3.78473765459719e+002 3.58952427992035e+014
3.78524664988365e+002 3.47773384589435e+014
3.78575554256788e+002 3.35415922684945e+014
3.78626433263140e+002 3.23006218218835e+014
3.78677302005572e+002 3.11618449442031e+014
3.78728160482234e+002 3.02059902165392e+014
3.78779008691276e+002 2.94784951110765e+014
3.78829846630851e+002 2.89928132783979e+014
3.78880674299108e+002 2.87384610738426e+014
3.78931491694198e+002 2.86863638655373e+014
3.78982298814273e+002 2.87891514410705e+014
3.79033095657482e+002 2.89802240018487e+014
3.79083882221978e+002 2.91779653205404e+014
3.79134658505909e+002 2.92986178446591e+014
3.79185424507428e+002 2.92751928909546e+014
3.79236180224685e+002 2.90746887883750e+014
3.79286925655832e+002 2.87052739840900e+014
3.79337660799017e+002 2.82093959859380e+014
3.79388385652393e+002 2.76455058429652e+014
3.79439100214111e+002 2.70666157116468e+014
3.79489804482320e+002 2.65054968374286e+014
3.79540498455173e+002 2.59732342625548e+014
3.79591182130819e+002 2.54714202010717e+014
3.79641855507409e+002 2.50113623436196e+014
3.79692518583095e+002 2.46296701921190e+014
3.79743171356026e+002 2.43907919334465e+014
3.79793813824355e+002 2.43733352212129e+014
3.79844445986231e+002 2.46452951080068e+014
3.79895067839805e+002 2.52391821163221e+014
3.79945679383229e+002 2.61381906822977e+014
3.79996280614653e+002 2.72788870280886e+014
3.80046871532227e+002 2.85676965657107e+014
3.80097452134103e+002 2.99024083285819e+014
3.80148022418431e+002 3.11892162266372e+014
3.80198582383363e+002 3.23503369080168e+014
3.80249132027048e+002 3.33237140874226e+014
3.80299671347638e+002 3.40606280897129e+014
3.80350200343284e+002 3.45269128706413e+014
3.80400719012136e+002 3.47097015689666e+014
3.80451227352345e+002 3.46269524477116e+014
3.80501725362062e+002 3.43341460991152e+014
3.80552213039437e+002 3.39226664621706e+014
3.80602690382622e+002 3.35071048045845e+014
3.80653157389768e+002 3.32028645655124e+014
3.80703614059024e+002 3.30995213059513e+014
3.80754060388542e+002 3.32378402907950e+014
3.80804496376473e+002 3.35979173016507e+014
3.80854922020967e+002 3.41024192554514e+014
3.80905337320176e+002 3.46337613183044e+014
3.80955742272250e+002 3.50596470023194e+014
3.81006136875339e+002 3.52596272502928e+014
3.81056521127595e+002 3.51464822968746e+014
3.81106895027168e+002 3.46790330666784e+014
3.81157258572210e+002 3.38658005073748e+014
3.81207611760870e+002 3.27608349900312e+014
3.81257954591301e+002 3.14540080860370e+014
3.81308287061651e+002 3.00583145568730e+014
3.81358609170074e+002 2.86962244917172e+014
3.81408920914718e+002 2.74858284573375e+014
3.81459222293735e+002 2.65261321628751e+014
3.81509513305276e+002 2.58808289011025e+014
3.81559793947492e+002 2.55622204069611e+014
3.81610064218532e+002 2.55207644282328e+014
3.81660324116549e+002 2.56480480785476e+014
3.81710573639693e+002 2.57987284055070e+014
3.81760812786114e+002 2.58295874307984e+014
3.81811041553964e+002 2.56444737666071e+014
3.81861259941394e+002 2.52279002856390e+014
3.81911467946553e+002 2.46517164177431e+014
3.81961665567593e+002 2.40489918486249e+014
3.82011852802665e+002 2.35630516051957e+014
3.82062029649919e+002 2.32910301069493e+014
3.82112196107506e+002 2.32446782685524e+014
3.82162352173578e+002 2.33444669825302e+014
3.82212497846284e+002 2.34491155322751e+014
3.82262633123776e+002 2.34079219455055e+014
3.82312758004204e+002 2.31144686071056e+014
3.82362872485719e+002 2.25411793851207e+014
3.82412976566473e+002 2.17437446879508e+014
3.82463070244615e+002 2.08375275482278e+014
3.82513153518296e+002 1.99584978386438e+014
3.82563226385668e+002 1.92248376951231e+014
3.82613288844882e+002 1.87117172252273e+014
3.82663340894087e+002 1.84438080670873e+014
3.82713382531434e+002 1.84022250806518e+014
3.82763413755076e+002 1.85382522656652e+014
3.82813434563161e+002 1.87866143757371e+014
3.82863444953842e+002 1.90749147456644e+014
3.82913444925269e+002 1.93303378341300e+014
3.82963434475592e+002 1.94870073967763e+014
3.83013413602963e+002 1.94962470067201e+014
3.83063382305532e+002 1.93384032497440e+014
3.83113340581450e+002 1.90314779657561e+014
3.83163288428868e+002 1.86311178291771e+014
3.83213225845937e+002 1.82192949286483e+014
3.83263152830807e+002 1.78837720118682e+014
3.83313069381629e+002 1.76944959769510e+014
3.83362975496554e+002 1.76843818082423e+014
3.83412871173733e+002 1.78403125638144e+014
3.83462756411317e+002 1.81068347529918e+014
3.83512631207456e+002 1.84014648667277e+014
3.83562495560301e+002 1.86375967108343e+014
3.83612349468003e+002 1.87490241718489e+014
3.83662192928713e+002 1.87094296695136e+014
3.83712025940582e+002 1.85413737652737e+014
3.83761848501760e+002 1.83124603932199e+014
3.83811660610398e+002 1.81204523565021e+014
3.83861462264646e+002 1.80723110950109e+014
3.83911253462657e+002 1.82629234520663e+014
3.83961034202580e+002 1.87577131896299e+014
3.84010804482567e+002 1.95810300601441e+014
3.84060564300767e+002 2.07109303714507e+014
3.84110313655333e+002 2.20810543064600e+014
3.84160052544414e+002 2.35904750791251e+014
3.84209780966161e+002 2.51211359867920e+014
3.84259498918726e+002 2.65597603668433e+014
3.84309206400259e+002 2.78185875043222e+014
3.84358903408911e+002 2.88488989486512e+014
3.84408589942832e+002 2.96435789741085e+014
3.84458266000174e+002 3.02286779143180e+014
3.84507931579087e+002 3.06473250349026e+014
3.84557586677722e+002 3.09413350990198e+014
3.84607231294230e+002 3.11364045167334e+014
3.84656865426762e+002 3.12360158975488e+014
3.84706489073468e+002 3.12267995998510e+014
3.84756102232499e+002 3.10939840902829e+014
3.84805704902006e+002 3.08406982615355e+014
3.84855297080139e+002 3.05016709009788e+014
3.84904878765051e+002 3.01428668392508e+014
3.84954449954890e+002 2.98444807325433e+014
3.85004010647809e+002 2.96730903390727e+014
3.85053560841958e+002 2.96551301762510e+014
3.85103100535487e+002 2.97642413761838e+014
3.85152629726548e+002 2.99288185799235e+014
3.85202148413292e+002 3.00565023531938e+014
3.85251656593868e+002 3.00647289758989e+014
3.85301154266428e+002 2.99046770177131e+014
3.85350641429123e+002 2.95703014212545e+014
3.85400118080104e+002 2.90914776253612e+014
3.85449584217520e+002 2.85165009158630e+014
3.85499039839524e+002 2.78918990783032e+014
3.85548484944266e+002 2.72468901915914e+014
3.85597919529896e+002 2.65874305503139e+014
3.85647343594565e+002 2.59018596101840e+014
3.85696757136425e+002 2.51768312136036e+014
3.85746160153626e+002 2.44184989322443e+014
3.85795552644319e+002 2.36707400529531e+014
3.85844934606654e+002 2.30214638369637e+014
3.85894306038783e+002 2.25912272213927e+014
3.85943666938856e+002 2.25049695884127e+014
3.85993017305023e+002 2.28549841572527e+014
3.86042357135437e+002 2.36678000878729e+014
3.86091686428247e+002 2.48871894743023e+014
3.86141005181605e+002 2.63801371595046e+014
3.86190313393660e+002 2.79645781579071e+014
3.86239611062565e+002 2.94502460671302e+014
3.86288898186469e+002 3.06798769807842e+014
3.86338174763524e+002 3.15585917737205e+014
3.86387440791880e+002 3.20639932326251e+014
3.86436696269688e+002 3.22363145064765e+014
3.86485941195099e+002 3.21542101400712e+014
3.86535175566264e+002 3.19053673330813e+014
3.86584399381333e+002 3.15611859259142e+014
3.86633612638457e+002 3.11619082533463e+014
3.86682815335788e+002 3.07143300152947e+014
3.86732007471475e+002 3.02003407641520e+014
3.86781189043670e+002 2.95922038025246e+014
3.86830360050524e+002 2.88698933324461e+014
3.86879520490186e+002 2.80363649886394e+014
3.86928670360809e+002 2.71275600395086e+014
3.86977809660542e+002 2.62148509925637e+014
3.87026938387537e+002 2.53986721577138e+014
3.87076056539945e+002 2.47935498530886e+014
3.87125164115915e+002 2.45066606021071e+014
3.87174261113600e+002 2.46139650768352e+014
3.87223347531149e+002 2.51392373712978e+014
3.87272423366714e+002 2.60413995673532e+014
3.87321488618446e+002 2.72142680759823e+014
3.87370543284494e+002 2.85002808298301e+014
3.87419587363010e+002 2.97165228294722e+014
3.87468620852145e+002 3.06881993566775e+014
3.87517643750050e+002 3.12824744359883e+014
3.87566656054875e+002 3.14349052617763e+014
3.87615657764771e+002 3.11617692342292e+014
3.87664648877888e+002 3.05543104669764e+014
3.87713629392379e+002 2.97550889998981e+014
3.87762599306393e+002 2.89216588058791e+014
3.87811558618081e+002 2.81874797770932e+014
3.87860507325594e+002 2.76322496959524e+014
3.87909445427083e+002 2.72717509675081e+014
3.87958372920699e+002 2.70704603686922e+014
3.88007289804592e+002 2.69708319721027e+014
3.88056196076914e+002 2.69256658873004e+014
3.88105091735814e+002 2.69184785306814e+014
3.88153976779444e+002 2.69627026402379e+014
3.88202851205955e+002 2.70813318406122e+014
3.88251715013497e+002 2.72788765047970e+014
3.88300568200222e+002 2.75217502154314e+014
3.88349410764279e+002 2.77389730626191e+014
3.88398242703820e+002 2.78444153747938e+014
3.88447064016996e+002 2.77704076634039e+014
3.88495874701957e+002 2.74966582287022e+014
3.88544674756854e+002 2.70612207663718e+014
3.88593464179838e+002 2.65498738342181e+014
3.88642242969060e+002 2.60709164217020e+014
3.88691011122670e+002 2.57279627221967e+014
3.88739768638820e+002 2.56012775854313e+014
3.88788515515659e+002 2.57409076992842e+014
3.88837251751340e+002 2.61676866060404e+014
3.88885977344012e+002 2.68756198471997e+014
3.88934692291827e+002 2.78319131646859e+014
3.88983396592935e+002 2.89759562394917e+014
3.89032090245487e+002 3.02217688665709e+014
3.89080773247634e+002 3.14675604481742e+014
3.89129445597526e+002 3.26121256882589e+014
3.89178107293315e+002 3.35737413767204e+014
3.89226758333151e+002 3.43055918892427e+014
3.89275398715185e+002 3.48030825238434e+014
3.89324028437568e+002 3.51013671028727e+014
3.89372647498451e+002 3.52642076915718e+014
3.89421255895984e+002 3.53669861433250e+014
3.89469853628318e+002 3.54775713595130e+014
3.89518440693604e+002 3.56394189541534e+014
3.89567017089993e+002 3.58616283931907e+014
3.89615582815635e+002 3.61197277558097e+014
3.89664137868682e+002 3.63678735816053e+014
3.89712682247284e+002 3.65585418634391e+014
3.89761215949592e+002 3.66618787041416e+014
3.89809738973756e+002 3.66762456967674e+014
3.89858251317928e+002 3.66251574298941e+014
3.89906752980258e+002 3.65422597111827e+014
3.89955243958898e+002 3.64519122695349e+014
3.90003724251997e+002 3.63550962560534e+014
3.90052193857707e+002 3.62275334017330e+014
3.90100652774178e+002 3.60305990636697e+014
3.90149100999562e+002 3.57293169962332e+014
3.90197538532009e+002 3.53089074058523e+014
3.90245965369669e+002 3.47833597826424e+014
3.90294381510695e+002 3.41946179403859e+014
3.90342786953235e+002 3.36055839565515e+014
3.90391181695442e+002 3.30913319831360e+014
3.90439565735466e+002 3.27305839327050e+014
3.90487939071458e+002 3.25963628543631e+014
3.90536301701568e+002 3.27440127057700e+014
3.90584653623948e+002 3.31974046491953e+014
3.90632994836747e+002 3.39380052897522e+014
3.90681325338118e+002 3.49031013423754e+014
3.90729645126211e+002 3.59968943513558e+014
3.90777954199176e+002 3.71124871013033e+014
3.90826252555164e+002 3.81573035194698e+014
3.90874540192327e+002 3.90724487408666e+014
3.90922817108814e+002 3.98390654958995e+014
3.90971083302778e+002 4.04704785515755e+014
3.91019338772367e+002 4.09949349701567e+014
3.91067583515734e+002 4.14372237055326e+014
3.91115817531030e+002 4.18069556506803e+014
3.91164040816403e+002 4.20973077276302e+014
3.91212253370007e+002 4.22927212871157e+014
3.91260455189991e+002 4.23801018105401e+014
3.91308646274507e+002 4.23573407988000e+014
3.91356826621704e+002 4.22354421616454e+014
3.91404996229734e+002 4.20343772188843e+014
3.91453155096748e+002 4.17756724336503e+014
3.91501303220897e+002 4.14753206326906e+014
3.91549440600330e+002 4.11392892019851e+014
3.91597567233200e+002 4.07621735031486e+014
3.91645683117656e+002 4.03286702685575e+014
3.91693788251850e+002 3.98176306737772e+014
3.91741882633933e+002 3.92086470017180e+014
3.91789966262054e+002 3.84906000500385e+014
3.91838039134365e+002 3.76703457638635e+014
3.91886101249018e+002 3.67785817268558e+014
3.91934152604162e+002 3.58698919681239e+014
3.91982193197948e+002 3.50154215644226e+014
3.92030223028527e+002 3.42891146062189e+014
3.92078242094050e+002 3.37508851371614e+014
3.92126250392668e+002 3.34313854389010e+014
3.92174247922531e+002 3.33226445377156e+014
3.92222234681791e+002 3.33770302256692e+014
3.92270210668598e+002 3.35145857974455e+014
3.92318175881103e+002 3.36367026160449e+014
3.92366130317456e+002 3.36428196229148e+014
3.92414073975809e+002 3.34464749819440e+014
3.92462006854312e+002 3.29874894778408e+014
3.92509928951116e+002 3.22382394793465e+014
3.92557840264372e+002 3.12036378825061e+014
3.92605740792231e+002 2.99160476056692e+014
3.92653630532843e+002 2.84272571841936e+014
3.92701509484359e+002 2.67995638009733e+014
3.92749377644930e+002 2.50972877551110e+014
3.92797235012707e+002 2.33793877298527e+014
3.92845081585841e+002 2.16937119145026e+014
3.92892917362482e+002 2.00736432542723e+014
3.92940742340781e+002 1.85379365158587e+014
3.92988556518889e+002 1.70940300166498e+014
3.93036359894957e+002 1.57441608416358e+014
3.93084152467136e+002 1.44926875693855e+014
3.93131934233575e+002 1.33525511644614e+014
3.93179705192427e+002 1.23489480607946e+014
3.93227465341842e+002 1.15189811533685e+014
3.93275214679971e+002 1.09071291395288e+014
3.93322953204964e+002 1.05575962573949e+014
3.93370680914972e+002 1.05056226488107e+014
3.93418397808147e+002 1.07702456962292e+014
3.93466103882638e+002 1.13505405663235e+014
3.93513799136597e+002 1.22261318539069e+014
3.93561483568175e+002 1.33612404125682e+014
3.93609157175521e+002 1.47103670938494e+014
3.93656819956788e+002 1.62234185799355e+014
3.93704471910126e+002 1.78487500036169e+014
3.93752113033685e+002 1.95338877553977e+014
3.93799743325617e+002 2.12249760055251e+014
3.93847362784072e+002 2.28666429164033e+014
3.93894971407201e+002 2.44037158540004e+014
3.93942569193154e+002 2.57852341604094e+014
3.93990156140084e+002 2.69701190797921e+014
3.94037732246139e+002 2.79332695943412e+014
3.94085297509472e+002 2.86709291639336e+014
3.94132851928233e+002 2.92044968287860e+014
3.94180395500572e+002 2.95819277596018e+014
3.94227928224642e+002 2.98753289503351e+014
3.94275450098591e+002 3.01729732551038e+014
3.94322961120572e+002 3.05648095600642e+014
3.94370461288734e+002 3.11231416192898e+014
3.94417950601229e+002 3.18835877705412e+014
3.94465429056208e+002 3.28336100305260e+014
3.94512896651821e+002 3.39147753612407e+014
3.94560353386219e+002 3.50400922548680e+014
3.94607799257553e+002 3.61211800314767e+014
3.94655234263974e+002 3.70950568964532e+014
3.94702658403632e+002 3.79398516680952e+014
3.94750071674678e+002 3.86733460255861e+014
3.94797474075264e+002 3.93358124793970e+014
3.94844865603539e+002 3.99654564827382e+014
3.94892246257655e+002 4.05776720439551e+014
3.94939616035762e+002 4.11570992853139e+014
3.94986974936012e+002 4.16653768924332e+014
3.95034322956555e+002 4.20603764878564e+014
3.95081660095541e+002 4.23176816763061e+014
3.95128986351122e+002 4.24442151386683e+014
3.95176301721448e+002 4.24775662820330e+014
3.95223606204671e+002 4.24712093010868e+014
3.95270899798940e+002 4.24725215720686e+014
3.95318182502407e+002 4.25041311446805e+014
3.95365454313223e+002 4.25576586962644e+014
3.95412715229538e+002 4.26028091352018e+014
3.95459965249503e+002 4.26069451695635e+014
3.95507204371270e+002 4.25547862324933e+014
3.95554432592987e+002 4.24576631992732e+014
3.95601649912808e+002 4.23469556018539e+014
3.95648856328881e+002 4.22542119572764e+014
3.95696051839359e+002 4.21870240696800e+014
3.95743236442392e+002 4.21119504333765e+014
3.95790410136130e+002 4.19529655683206e+014
3.95837572918725e+002 4.16076460628581e+014
3.95884724788327e+002 4.09763405549052e+014
3.95931865743087e+002 3.99945110176667e+014
3.95978995781156e+002 3.86569148470306e+014
3.96026114900684e+002 3.70247508378237e+014
3.96073223099823e+002 3.52125401710901e+014
3.96120320376724e+002 3.33585088529795e+014
3.96167406729536e+002 3.15880696586179e+014
3.96214482156411e+002 2.99823724942408e+014
3.96261546655499e+002 2.85617861773338e+014
3.96308600224952e+002 2.72884977132732e+014
3.96355642862920e+002 2.60856452793570e+014
3.96402674567554e+002 2.48653458555215e+014
3.96449695337005e+002 2.35563876708533e+014
3.96496705169424e+002 2.21242071529646e+014
3.96543704062960e+002 2.05795964464964e+014
3.96590692015766e+002 1.89764700340580e+014
3.96637669025992e+002 1.74015686639110e+014
3.96684635091788e+002 1.59598005949952e+014
3.96731590211306e+002 1.47584598010086e+014
3.96778534382697e+002 1.38926192618072e+014
3.96825467604110e+002 1.34332123964479e+014
3.96872389873697e+002 1.34188981055824e+014
3.96919301189609e+002 1.38525715870561e+014
3.96966201549996e+002 1.47030040855681e+014
3.97013090953010e+002 1.59113852727860e+014
3.97059969396801e+002 1.74015964854721e+014
3.97106836879519e+002 1.90921798886319e+014
3.97153693399316e+002 2.09075342063456e+014
3.97200538954343e+002 2.27860731359853e+014
3.97247373542750e+002 2.46839283561640e+014
3.97294197162687e+002 2.65740614660895e+014
3.97341009812307e+002 2.84420007818277e+014
3.97387811489759e+002 3.02803634383610e+014
3.97434602193195e+002 3.20844342903703e+014
3.97481381920764e+002 3.38502127330908e+014
3.97528150670619e+002 3.55748376569971e+014
3.97574908440910e+002 3.72579019779202e+014
3.97621655229786e+002 3.89016406423585e+014
3.97668391035401e+002 4.05086362380762e+014
3.97715115855903e+002 4.20771817433764e+014
3.97761829689445e+002 4.35959540092623e+014
3.97808532534176e+002 4.50404092304866e+014
3.97855224388247e+002 4.63729874178886e+014
3.97901905249810e+002 4.75480002214366e+014
3.97948575117015e+002 4.85204772758613e+014
3.97995233988013e+002 4.92568094875804e+014
3.98041881860954e+002 4.97442078702563e+014
3.98088518733990e+002 4.99960904106848e+014
3.98135144605271e+002 5.00515711215095e+014
3.98181759472949e+002 4.99689716574377e+014
3.98228363335173e+002 4.98151327178503e+014
3.98274956190095e+002 4.96536073532679e+014
3.98321538035865e+002 4.95351045061278e+014
3.98368108870634e+002 4.94927053361060e+014
3.98414668692553e+002 4.95426452104608e+014
3.98461217499774e+002 4.96893683718448e+014
3.98507755290445e+002 4.99318811134633e+014
3.98554282062719e+002 5.02679691131873e+014
3.98600797814747e+002 5.06940924594522e+014
3.98647302544678e+002 5.12013858622032e+014
3.98693796250664e+002 5.17708680558167e+014
3.98740278930855e+002 5.23720019426751e+014
3.98786750583403e+002 5.29671912137521e+014
3.98833211206458e+002 5.35213005943633e+014
3.98879660798171e+002 5.40119191674829e+014
3.98926099356693e+002 5.44350413168500e+014
3.98972526880174e+002 5.48029172187556e+014
3.99018943366765e+002 5.51348348824713e+014
3.99065348814618e+002 5.54451747937346e+014
3.99111743221882e+002 5.57342458933239e+014
3.99158126586709e+002 5.59857496975071e+014
3.99204498907250e+002 5.61714177458082e+014
3.99250860181655e+002 5.62602853629170e+014
3.99297210408075e+002 5.62286236945651e+014
3.99343549584660e+002 5.60671077417266e+014
3.99389877709562e+002 5.57837105925024e+014
3.99436194780932e+002 5.54029228704515e+014
3.99482500796920e+002 5.49631126355430e+014
3.99528795755677e+002 5.45136229465720e+014
3.99575079655354e+002 5.41118418988736e+014
3.99621352494101e+002 5.38189933285761e+014
3.99667614270070e+002 5.36930061753084e+014
3.99713864981411e+002 5.37781562219147e+014
3.99760104626274e+002 5.40936954204595e+014
3.99806333202812e+002 5.46258037871892e+014
3.99852550709174e+002 5.53272119278143e+014
3.99898757143511e+002 5.61261202505138e+014
3.99944952503975e+002 5.69417042572303e+014
3.99991136788715e+002 5.76999566972813e+014
4.00037309995884e+002 5.83431789444839e+014
4.00083472123630e+002 5.88297609995654e+014
4.00129623170106e+002 5.91264120174914e+014
4.00175763133462e+002 5.91996617262501e+014
4.00221892011849e+002 5.90144318891738e+014
4.00268009803418e+002 5.85438748093256e+014
4.00314116506319e+002 5.77881338400512e+014
4.00360212118703e+002 5.67935901442740e+014
4.00406296638722e+002 5.56618844395439e+014
4.00452370064525e+002 5.45410665848001e+014
4.00498432394264e+002 5.35984489177209e+014
4.00544483626089e+002 5.29827753216686e+014
4.00590523758151e+002 5.27883616510851e+014
4.00636552788602e+002 5.30335585184044e+014
4.00682570715591e+002 5.36604773406015e+014
4.00728577537270e+002 5.45549802824469e+014
4.00774573251789e+002 5.55789669005695e+014
4.00820557857300e+002 5.66037199916364e+014
4.00866531351952e+002 5.75343260758132e+014
4.00912493733897e+002 5.83198147906882e+014
4.00958445001286e+002 5.89493613208243e+014
4.01004385152269e+002 5.94393405516470e+014
4.01050314184997e+002 5.98178101227649e+014
4.01096232097621e+002 6.01120298951488e+014
4.01142138888291e+002 6.03418749446149e+014
4.01188034555160e+002 6.05189212122910e+014
4.01233919096376e+002 6.06488501986469e+014
4.01279792510092e+002 6.07342911390716e+014
4.01325654794457e+002 6.07762160196670e+014
4.01371505947623e+002 6.07738228344797e+014
4.01417345967741e+002 6.07244447169758e+014
4.01463174852961e+002 6.06254343867616e+014
4.01508992601434e+002 6.04787985520417e+014
4.01554799211310e+002 6.02971257035678e+014
4.01600594680742e+002 6.01074170662711e+014
4.01646379007878e+002 5.99492707865819e+014
4.01692152190871e+002 5.98660819058201e+014
4.01737914227871e+002 5.98916019771563e+014
4.01783665117029e+002 6.00372951167894e+014
4.01829404856496e+002 6.02864140624025e+014
4.01875133444421e+002 6.05979945396039e+014
4.01920850878957e+002 6.09193552620339e+014
4.01966557158254e+002 6.12017190031663e+014
4.02012252280463e+002 6.14124265665939e+014
4.02057936243734e+002 6.15394238740647e+014
4.02103609046218e+002 6.15878667832726e+014
4.02149270686067e+002 6.15724294689486e+014
4.02194921161430e+002 6.15102792531683e+014
4.02240560470460e+002 6.14182269976696e+014
4.02286188611305e+002 6.13143804217039e+014
4.02331805582118e+002 6.12216164352617e+014
4.02377411381049e+002 6.11689713778262e+014
4.02423006006249e+002 6.11881396872800e+014
4.02468589455869e+002 6.13049366325681e+014
4.02514161728059e+002 6.15283370606385e+014
4.02559722820971e+002 6.18411770810450e+014
4.02605272732754e+002 6.21962569940681e+014
4.02650811461560e+002 6.25198342498122e+014
4.02696339005540e+002 6.27223086776024e+014
4.02741855362844e+002 6.27141001931339e+014
4.02787360531624e+002 6.24235869611634e+014
4.02832854510029e+002 6.18133972382370e+014
4.02878337296212e+002 6.08912593782770e+014
4.02923808888321e+002 5.97122736454438e+014
4.02969269284510e+002 5.83712313630294e+014
4.03014718482927e+002 5.69863757913308e+014
4.03060156481724e+002 5.56788762992014e+014
4.03105583279052e+002 5.45538809989352e+014
4.03150998873062e+002 5.36883177317216e+014
4.03196403261904e+002 5.31277678783465e+014
4.03241796443729e+002 5.28910969178983e+014
4.03287178416688e+002 5.29788456022618e+014
4.03332549178932e+002 5.33807913587327e+014
4.03377908728611e+002 5.40795186951116e+014
4.03423257063877e+002 5.50492790192975e+014
4.03468594182879e+002 5.62516772928283e+014
4.03513920083770e+002 5.76310105545437e+014
4.03559234764699e+002 5.91122197306977e+014
4.03604538223817e+002 6.06035991530328e+014
4.03649830459276e+002 6.20049724667216e+014
4.03695111469226e+002 6.32203566531638e+014
4.03740381251818e+002 6.41725941054994e+014
4.03785639805202e+002 6.48164331355844e+014
4.03830887127530e+002 6.51463688985557e+014
4.03876123216952e+002 6.51963329983483e+014
4.03921348071619e+002 6.50299659810905e+014
4.03966561689682e+002 6.47225166829233e+014
4.04011764069291e+002 6.43380106455539e+014
4.04056955208598e+002 6.39075969133967e+014
4.04102135105753e+002 6.34160544403390e+014
4.04147303758906e+002 6.28024600046146e+014
4.04192461166210e+002 6.19776398644892e+014
4.04237607325814e+002 6.08558360160972e+014
4.04282742235869e+002 5.93925990162107e+014
4.04327865894527e+002 5.76173425693857e+014
4.04372978299938e+002 5.56489567098985e+014
4.04418079450252e+002 5.36869210964436e+014
4.04463169343620e+002 5.19775345443235e+014
4.04508247978194e+002 5.07629552982643e+014
4.04553315352124e+002 5.02269210966299e+014
4.04598371463561e+002 5.04528696311946e+014
4.04643416310656e+002 5.14066671591642e+014
4.04688449891559e+002 5.29482458696890e+014
4.04733472204421e+002 5.48670246582977e+014
4.04778483247394e+002 5.69287473575124e+014
4.04823483018627e+002 5.89191838507892e+014
4.04868471516272e+002 6.06735755576231e+014
4.04913448738479e+002 6.20877476636439e+014
4.04958414683399e+002 6.31139365638075e+014
4.05003369349184e+002 6.37484775327131e+014
4.05048312733983e+002 6.40184302688916e+014
4.05093244835948e+002 6.39711387628822e+014
4.05138165653229e+002 6.36670550213798e+014
4.05183075183977e+002 6.31740021604777e+014
4.05227973426344e+002 6.25610869579297e+014
4.05272860378479e+002 6.18919029567299e+014
4.05317736038533e+002 6.12181242962978e+014
4.05362600404658e+002 6.05751426018032e+014
4.05407453475004e+002 5.99809985042472e+014
4.05452295247722e+002 5.94390387318223e+014
4.05497125720963e+002 5.89439413824523e+014
4.05541944892877e+002 5.84900319149635e+014
4.05586752761615e+002 5.80799754494823e+014
4.05631549325329e+002 5.77310654182885e+014
4.05676334582168e+002 5.74760126007838e+014
4.05721108530284e+002 5.73560999446823e+014
4.05765871167828e+002 5.74070185957752e+014
4.05810622492949e+002 5.76409090713667e+014
4.05855362503800e+002 5.80306739994062e+014
4.05900091198531e+002 5.85031377702876e+014
4.05944808575292e+002 5.89455845864474e+014
4.05989514632235e+002 5.92261963212881e+014
4.06034209367510e+002 5.92243222703651e+014
4.06078892779267e+002 5.88628699986235e+014
4.06123564865659e+002 5.81335722004958e+014
4.06168225624835e+002 5.71070062292855e+014
4.06212875054947e+002 5.59229353229345e+014
4.06257513154145e+002 5.47620526982821e+014
4.06302139920579e+002 5.38061000181930e+014
4.06346755352402e+002 5.31976253279891e+014
4.06391359447763e+002 5.30114335036539e+014
4.06435952204813e+002 5.32461656588165e+014
4.06480533621704e+002 5.38373237323535e+014
4.06525103696585e+002 5.46851424086626e+014
4.06569662427608e+002 5.56854485179355e+014
4.06614209812924e+002 5.67515205825230e+014
4.06658745850683e+002 5.78200900056405e+014
4.06703270539036e+002 5.88425977630659e+014
4.06747783876133e+002 5.97698476213544e+014
4.06792285860127e+002 6.05410195804733e+014
4.06836776489167e+002 6.10854396500556e+014
4.06881255761404e+002 6.13388777198304e+014
4.06925723674989e+002 6.12685492232423e+014
4.06970180228073e+002 6.08958383843282e+014
4.07014625418807e+002 6.03053314883657e+014
4.07059059245341e+002 5.96333392807301e+014
4.07103481705826e+002 5.90369252073250e+014
4.07147892798414e+002 5.86523725552875e+014
4.07192292521254e+002 5.85567235084919e+014
4.07236680872497e+002 5.87454883226234e+014
4.07281057850295e+002 5.91340507909527e+014
4.07325423452798e+002 5.95820347489630e+014
4.07369777678158e+002 5.99323788164505e+014
4.07414120524523e+002 6.00529382728609e+014
4.07458451990047e+002 5.98690960819130e+014
4.07502772072879e+002 5.93800735770968e+014
4.07547080771169e+002 5.86571526943396e+014
4.07591378083070e+002 5.78267145835758e+014
4.07635664006732e+002 5.70437379814261e+014
4.07679938540305e+002 5.64621545324409e+014
4.07724201681940e+002 5.62077971340250e+014
4.07768453429788e+002 5.63582270840693e+014
4.07812693782001e+002 5.69319125671900e+014
4.07856922736727e+002 5.78873607045645e+014
4.07901140292120e+002 5.91311914246637e+014
4.07945346446328e+002 6.05330622538922e+014
4.07989541197504e+002 6.19448883364238e+014
4.08033724543797e+002 6.32217704194659e+014
4.08077896483360e+002 6.42421313933121e+014
4.08122057014341e+002 6.49245886637552e+014
4.08166206134893e+002 6.52391632929713e+014
4.08210343843165e+002 6.52108610827802e+014
4.08254470137310e+002 6.49146862092762e+014
4.08298585015477e+002 6.44626865954498e+014
4.08342688475817e+002 6.39852638077786e+014
4.08386780516482e+002 6.36101651701692e+014
4.08430861135621e+002 6.34429251794159e+014
4.08474930331387e+002 6.35519939236770e+014
4.08518988101929e+002 6.39606323629002e+014
4.08563034445398e+002 6.46462723814963e+014
4.08607069359945e+002 6.55467705065561e+014
4.08651092843721e+002 6.65720122686707e+014
4.08695104894877e+002 6.76186935265219e+014
4.08739105511563e+002 6.85858057001623e+014
4.08783094691931e+002 6.93883974215174e+014
4.08827072434131e+002 6.99676112737068e+014
