297.491864652239 0.8252683473861944
297.555376277378 0.7688205795936265
297.618880245981 0.7282484351935479
297.682376556197 0.7060447354612435
297.745865206179 0.7038384308590397
297.809346194076 0.7228496250608104
297.872819518039 0.7638965961615537
297.936285176219 0.827031233334798
297.999743166768 0.9109299682400717
298.063193487835 1.0122480012181845
298.126636137571 1.125176388559166
298.190071114128 1.241262558970461
298.253498415656 1.349317133422333
298.316918040306 1.4355693786799684
298.380329986229 1.4853358104451102
298.443734251575 1.4875657736985242
298.507130834496 1.4405471620616377
298.570519733141 1.3537143208848175
298.633900945662 1.2432815317110038
298.69727447021 1.1257539327911468
298.760640304936 1.014112617242498
298.823998447989 0.9171987229816629
298.887348897522 0.8404106481125484
298.950691651684 0.7865081847914623
299.014026708628 0.7563363692637444
299.077354066502 0.7494182525220042
299.140673723459 0.7641416041504312
299.203985677648 0.7971918755787055
299.267289927222 0.8421365722328605
299.33058647033 0.8880137627791544
299.393875305123 0.9205097156381201
299.457156429753 0.9282726156587845
299.520429842369 0.911069970404418
299.583695541123 0.8809384736966501
299.646953524166 0.8547145914031007
299.710203789648 0.8464518046223533
299.77344633572 0.8650511528068172
299.836681160533 0.9148736386800584
299.899908262238 0.9955565423674007
299.963127638985 1.0993280403544317
300.026339288925 1.2072263257182085
300.08954321021 1.28991194239628
300.152739400989 1.3194506569430673
300.215927859414 1.2869902822619854
300.279108583636 1.2086162699742011
300.342281571804 1.1130616565667844
300.405446822071 1.025675783305122
300.468604332587 0.9612979606510441
300.531754101502 0.9250372817271708
300.594896126967 0.915020994829817
300.658030407134 0.9238879867738812
300.721156940153 0.93948164533853
300.784275724174 0.9474778482679962
300.847386757349 0.9375188529198051
300.910490037829 0.9088671769037336
300.973585563763 0.8693889074255584
301.036673333304 0.8290144707394594
301.099753344601 0.7944428957460364
301.162825595805 0.7681166328827015
301.225890085069 0.7498374376513122
301.288946810541 0.7388276639750131
301.351995770373 0.7351037880117122
301.415036962715 0.739892824853211
301.47807038572 0.755383143861624
301.541096037536 0.784289490680166
301.604113916316 0.8294908031763796
301.667124020209 0.8936307613111434
301.730126347367 0.9782460074495407
301.793120895941 1.0816739341037813
301.85610766408 1.194978880138177
301.919086649937 1.2970273632267213
301.982057851662 1.3556654493237414
302.045021267405 1.3448100344157419
302.107976895317 1.2681529901085413
302.17092473355 1.1584845401556962
302.233864780254 1.0516759793845638
302.296797033579 0.9679397916928383
302.359721491677 0.9113227720048398
302.422638152699 0.8759185771725128
302.485547014794 0.8513318273101795
302.548448076115 0.8275736651756406
302.611341334811 0.7998368639818002
302.674226789034 0.7703378070905992
302.737104436934 0.7453530745429675
302.799974276662 0.7304271983480726
302.862836306369 0.7274472590496035
302.925690524206 0.7340619445770097
302.988536928323 0.7445533077290587
303.051375516872 0.7520244109182835
303.114206288002 0.7516675397939384
303.177029239866 0.7432893259311673
303.239844370613 0.7310472715537804
303.302651678394 0.7209296644817544
303.365451161361 0.7183734415432006
303.428242817664 0.7272816723180282
303.491026645453 0.7498908322573238
303.55380264288 0.7864280563122195
303.616570808096 0.8340491472762369
303.679331139251 0.8857079690410192
303.742083634495 0.9310204942088265
303.804828291981 0.9607981598902711
303.867565109858 0.972543054993229
303.930294086278 0.97094572445496
303.99301521939 0.9625923087171184
304.055728507347 0.9505705482719835
304.118433948298 0.9333875772505591
304.181131540395 0.9081150008646055
304.243821281788 0.8748079531942146
304.306503170628 0.8383727613481549
304.369177205066 0.8065379703049075
304.431843383253 0.7863874174919292
304.494501703339 0.7821289348143179
304.557152163475 0.7942142559779408
304.619794761813 0.8186762676427612
304.682429496502 0.8465886057347933
304.745056365694 0.865489715669364
304.80767536754 0.8646222636323548
304.87028650019 0.8413286908071962
304.932889761794 0.8022201281887882
304.995485150505 0.7580946162447957
305.058072664472 0.7184468246375252
305.120652301847 0.6894189251597412
305.183224060779 0.6741946902937861
305.245787939421 0.6738479654811732
305.308343935923 0.6878929990062475
305.370892048435 0.7147425386987045
305.433432275108 0.7524788208986721
305.495964614094 0.7998511384502509
305.558489063542 0.856548509304291
305.621005621604 0.9215250540386555
305.683514286431 0.9892041563545357
305.746015056173 1.0457883952711937
305.808507928981 1.0712383569789192
305.870992903006 1.051311065668147
305.933469976399 0.9907691275982842
305.99593914731 0.9109332588687906
306.058400413891 0.8345338170626591
306.120853774291 0.7755621156185247
306.183299226663 0.7390609016804572
306.245736769156 0.7246520936916254
306.308166399921 0.7292835724109109
306.37058811711 0.7485274134406554
306.433001918873 0.7770899475453865
306.49540780336 0.808988158636913
306.557805768723 0.8375101211137994
306.620195813113 0.8554500438812453
306.68257793468 0.8567224835554985
306.744952131574 0.8394421927268563
306.807318401948 0.8078919787599603
306.869676743951 0.7707053552722263
306.932027155734 0.7365988162509272
306.994369635449 0.711235639457315
307.056704181245 0.696598380102295
307.119030791274 0.6918952233077632
307.181349463687 0.6948573166588242
307.243660196634 0.7028840704080513
307.305962988266 0.713727878912771
307.368257836734 0.7255238927111554
307.430544740189 0.736393117083483
307.492823696781 0.7442779860495041
307.555094704661 0.7474736194340282
307.617357761981 0.7455089000559758
307.67961286689 0.7395189955063721
307.74186001754 0.7317695545211039
307.804099212082 0.7248552959202154
307.866330448665 0.7211347627651673
307.928553725442 0.7223389436324469
307.990769040562 0.7289724558249593
308.052976392177 0.7394360718655991
308.115175778438 0.7494278959783363
308.177367197495 0.7527302174926989
308.239550647498 0.7441267274217673
308.3017261266 0.7230317228698887
308.36389363295 0.6944811965312045
308.426053164699 0.6663117170780865
308.488204719998 0.6453307821489478
308.550348296999 0.6352937240840705
308.612483893851 0.6368009109155306
308.674611508706 0.6480604578646029
308.736731139714 0.6660085075797535
308.798842785026 0.687738137475162
308.860946442793 0.7118199874269568
308.923042111165 0.7386315120329581
308.985129788294 0.7692399990442853
309.047209472331 0.8033471365028004
309.109281161425 0.8373398988265304
309.171344853728 0.8638115503059105
309.233400547391 0.8741597127268781
309.295448240565 0.8640979128046489
309.357487931399 0.8377109345082683
309.419519618046 0.805443889791188
309.481543298655 0.7780920074366442
309.543558971378 0.762500783047894
309.605566634366 0.7609618236150293
309.667566285768 0.7727530799484992
309.729557923737 0.7961058499597746
309.791541546422 0.8294236537186161
309.853517151975 0.8707072171333341
309.915484738546 0.9148968937072757
309.977444304287 0.9509003066967865
310.039395847347 0.9627917284659273
310.101339365878 0.938830792006788
310.163274858031 0.881936155030395
310.225202321955 0.8084040058369955
310.287121755803 0.7360397658582389
310.349033157725 0.6755278372821176
310.410936525872 0.6299113502580841
310.472831858394 0.597645987812186
310.534719153442 0.5754591533317159
310.596598409168 0.5601998185999332
310.658469623721 0.5498345413539248
310.720332795253 0.5436526113756454
310.782187921914 0.541773912987474
310.844035001855 0.5443212733714743
310.905874033228 0.5507318897366523
310.967705014182 0.5595489934504192
311.029527942869 0.5688204946323945
311.091342817439 0.5769360031086292
311.153149636044 0.5833790681857526
311.214948396833 0.5888416046831902
311.276739097959 0.5946747601007967
311.33852173757 0.6022014647581351
311.40029631382 0.6123802588904693
311.462062824857 0.6258489076303095
311.523821268833 0.6430292815235324
311.585571643899 0.6640047286754116
311.647313948206 0.6881772386551024
311.709048179903 0.7139807474879023
311.770774337143 0.7389431543727238
311.832492418076 0.7601420436034696
311.894202420852 0.7748009297885834
311.955904343623 0.7807443446700257
312.01759818454 0.7767285569642475
312.079283941752 0.762865198172989
312.140961613411 0.7410698873433756
312.202631197668 0.7150255825018994
312.264292692673 0.6892837281509436
312.325946096577 0.6678392275243874
312.387591407532 0.6529370696393793
312.449228623687 0.6445972023377925
312.510857743194 0.6409273789771546
312.572478764203 0.6391210767845019
312.634091684865 0.6368259725643268
312.695696503332 0.6331914055522596
312.757293217753 0.6289435851182921
312.818881826279 0.6255856150466708
312.880462327062 0.6244529476774296
312.942034718253 0.6261929514440838
313.003598998001 0.630710034257176
313.065155164458 0.6373355026319643
313.126703215774 0.6450021037385798
313.188243150101 0.6523350155686949
313.249774965588 0.6577029029801584
313.311298660388 0.6593584902313736
313.37281423265 0.6557724813851697
313.434321680526 0.6460993763514258
313.495821002166 0.6305390079574738
313.557312195721 0.6103799535445769
313.618795259342 0.5877235403616526
313.68027019118 0.5650491559924536
313.741736989385 0.5447769383313602
313.803195652108 0.5289347953041312
313.864646177501 0.5190247960796122
313.926088563713 0.5161460160714644
313.987522808895 0.5213213809727655
314.048948911199 0.535838805724332
314.110366868776 0.5613217338377262
314.171776679775 0.5992160913517667
314.233178342348 0.6493952978285442
314.294571854645 0.7078114315496364
314.355957214818 0.7642566824472707
314.417334421017 0.8035294661062644
314.478703471393 0.8128698067235531
314.540064364097 0.7907583309283246
314.601417097279 0.7470948506587702
314.662761669091 0.695134375262398
314.724098077682 0.6447463710945087
314.785426321205 0.60104956175419
314.846746397809 0.5658405722522084
314.908058305646 0.5391213536012213
314.969362042866 0.5199834659423105
315.03065760762 0.5070837301540264
315.091944998058 0.4990232529512938
315.153224212333 0.49472436782091733
315.214495248594 0.4937147090905539
315.275758104992 0.4962075078440602
315.337012779678 0.5029899171775933
315.398259270803 0.5152353934356648
315.459497576518 0.5343180015701192
315.520727694972 0.5615736867745597
315.581949624319 0.5978537028185187
315.643163362707 0.6427335296667718
315.704368908288 0.6934478568235389
315.765566259212 0.7440986020257108
315.826755413631 0.7862095429652447
315.887936369695 0.8113587941814122
315.949109125554 0.8147805859284769
316.010273679361 0.7973177634421336
316.071430029265 0.7644359268185872
316.132578173417 0.7235941836947017
316.193718109969 0.6818332036383088
316.25484983707 0.644347162848917
316.315973352872 0.6139832016201661
316.377088655526 0.5914038037350489
316.438195743182 0.5756477195601353
316.49929461399 0.5648708635661679
316.560385266103 0.5570632121811732
316.62146769767 0.5505053379455694
316.682541906843 0.5438149464301767
316.743607891772 0.5357396123777262
316.804665650608 0.5251174912805346
316.865715181502 0.511280654885228
316.926756482604 0.49464254700536414
316.987789552066 0.476852879541364
317.048814388038 0.46023716317919083
317.109830988671 0.44690849177135317
317.170839352115 0.4381227313500484
317.231839476523 0.4340882049870384
317.292831360043 0.43412442515319816
317.353815000828 0.43704907589685305
317.414790397028 0.44174919829646064
317.475757546793 0.44782493679438307
317.536716448275 0.4560197009766609
317.597667099624 0.4681499924495771
317.658609498991 0.4865296289574418
317.719543644527 0.5131299436486785
317.780469534383 0.5486654929335206
317.84138716671 0.5916723941993773
317.902296539657 0.637838699529907
317.963197651377 0.6802973847521476
318.024090500019 0.7115403473589199
318.084975083735 0.7263460790169036
318.145851400676 0.7237224320298019
318.206719448992 0.7065116473306037
318.267579226834 0.6794287108595529
318.328430732352 0.6471756399007471
318.389273963698 0.6134389545204946
318.450108919023 0.5806452612151403
318.510935596477 0.550111645604435
318.57175399421 0.5223799618098414
318.632564110375 0.4976687440443879
318.693365943121 0.47637044483172875
318.754159490599 0.4594222834054421
318.814944750961 0.44836037273710516
318.875721722356 0.44502669841906217
318.936490402936 0.4510744134456549
318.997250790852 0.467384187303588
319.058002884254 0.49334030141660445
319.118746681293 0.5259702900473764
319.17948218012 0.5594921844209626
319.240209378886 0.5864457835360084
319.300928275741 0.6008451137438418
319.361638868836 0.6012157997244096
319.422341156323 0.5905417639261092
319.483035136351 0.573445013912516
319.543720807072 0.5536079558108311
319.604398166636 0.533126994742336
319.665067213195 0.5132185637629423
319.725727944898 0.49501898760979324
319.786380359898 0.479742174485414
319.847024456344 0.4682562521170406
319.907660232387 0.46058208968600856
319.968287686179 0.45573918244828726
320.028906815869 0.45206814431284803
320.089517619609 0.4478908587180479
320.15012009555 0.4421678002750252
320.210714241842 0.43479649525200226
320.271300056637 0.4264592613769519
320.331877538084 0.41823452561294283
320.392446684335 0.41124231523998744
320.45300749354 0.40645335988483366
320.513559963851 0.40465865946793145
320.574104093418 0.4065341761506496
320.634639880392 0.4127099337104837
320.695167322923 0.4237588221512433
320.755686419163 0.44006654274592716
320.816197167262 0.46160766476606985
320.876699565371 0.48770081500137374
320.937193611641 0.5168414050220642
320.997679304223 0.5467139268095127
321.058156641267 0.574445592063672
321.118625620925 0.5970620478234245
321.179086241346 0.6119994046592088
321.239538500682 0.6175248741518744
321.299982397084 0.6130250667683781
321.360417928702 0.5991616498349155
321.420845093687 0.5777838393059547
321.481263890191 0.5514676598626582
321.541674316363 0.5228198984925119
321.602076370354 0.49394834752257544
321.662470050316 0.46637686003031986
321.722855354399 0.4412979189427436
321.783232280754 0.4198269918687152
321.843600827532 0.403030530396443
321.903960992883 0.39175430396342537
321.964312774959 0.3864031166470553
322.024656171909 0.3867683723730222
322.084991181886 0.3919344993966615
322.145317803039 0.4003397192379763
322.20563603352 0.41013662141892515
322.265945871479 0.41987106911192373
322.326247315067 0.4291301907675893
322.386540362434 0.43862960992211963
322.446825011733 0.4496136500172152
322.507101261113 0.46300663346189386
322.567369108725 0.47882068258107346
322.62762855272 0.4959884693009122
322.687879591249 0.5125086778098003
322.748122222462 0.5257545389456109
322.808356444511 0.5329582623477807
322.868582255546 0.532024121921856
322.928799653718 0.5225720625093955
322.989008637178 0.5065449905989143
323.049209204076 0.4876903864270241
323.109401352564 0.4701404669631304
323.169585080792 0.4570535871786412
323.229760386911 0.4499502437420957
323.289927269071 0.4486677887373509
323.350085725424 0.4516322466528422
323.41023575412 0.45634053146857667
323.470377353311 0.4600877601888249
323.530510521146 0.46081678787500846
323.590635255777 0.457705026333904
323.650751555354 0.45115474189867233
323.710859418029 0.44226764631623894
323.770958841952 0.4322205304947364
323.831049825273 0.42191191984123133
323.891132366144 0.41196624827501493
323.951206462716 0.4029251708172017
324.011272113139 0.3953683871660931
324.071329315564 0.38981963757022
324.131378068141 0.38650679982790315
324.191418369022 0.3851789574825676
324.251450216358 0.38515912824758425
324.311473608299 0.38567720428805796
324.371488542996 0.386341084408934
324.431495018599 0.3874548328439573
324.49149303326 0.3899404774914085
324.55148258513 0.3948810674506804
324.611463672358 0.40293172699952196
324.671436293097 0.4138628179307444
324.731400445496 0.42641463032633564
324.791356127707 0.4385800347988922
324.851303337879 0.44829069579415126
324.911242074166 0.45418700105192755
324.971172334716 0.4559846164029058
325.03109411768 0.45423496692475807
325.09100742121 0.4497546884454733
325.150912243457 0.44314876031063455
325.21080858257 0.43465202055231367
325.270696436701 0.42428669703835187
325.330575804001 0.4122026515760755
325.390446682621 0.3989762017108883
325.45030907071 0.38563762858033146
325.510162966421 0.3733752592372829
325.570008367903 0.36311418816645125
325.629845273308 0.3552442094784728
325.689673680786 0.34963371808449795
325.749493588489 0.3458792046445902
325.809304994566 0.34362132013884994
325.86910789717 0.34273958786658454
325.928902294449 0.3433340957264699
325.988688184556 0.34555967207770133
326.048465565642 0.349463674164629
326.108234435856 0.3549260803327816
326.16799479335 0.3616775595585372
326.227746636274 0.36929209297518406
326.28748996278 0.37708903940066274
326.347224771018 0.38402309430860826
326.406951059138 0.38877212984089704
326.466668825293 0.3901760974396524
326.526378067631 0.38786462484675766
326.586078784305 0.3826026088868726
326.645770973466 0.3760272738045567
326.705454633263 0.3699751958407066
326.765129761847 0.3658716491595009
326.82479635737 0.3644376744822311
326.884454417982 0.36565618578061265
326.944103941835 0.3688499263092436
327.003744927078 0.3728216447385556
327.063377371862 0.3761182202723903
327.123001274339 0.3774660783692756
327.18261663266 0.37625295895743127
327.242223444974 0.37277064501344004
327.301821709433 0.3680344817736394
327.361411424187 0.36330903948742155
327.420992587388 0.35964476907505993
327.480565197186 0.35762179227885404
327.540129251732 0.3573078444987674
327.599684749176 0.35835608224705995
327.65923168767 0.3601787510691081
327.718770065365 0.3621463910384417
327.77829988041 0.3637557016490709
327.837821130958 0.36472030491325946
327.897333815158 0.36498207249463266
327.956837931161 0.3646727854470737
328.016333477119 0.3640470327962424
328.075820451182 0.3633962466718055
328.1352988515 0.36297888149005364
328.194768676226 0.3630241850481084
328.254229923508 0.36382145805722055
328.313682591499 0.36580712354529044
328.373126678349 0.3695091981633696
328.432562182209 0.37527513714436145
328.491989101229 0.3828484022523655
328.551407433561 0.39098951418827865
328.610817177355 0.3974444578139955
328.670218330761 0.399569866181434
328.729610891932 0.3955637593069603
328.788994859017 0.3855436730255608
328.848370230168 0.3715322333264808
328.907737003534 0.3563490740716946
328.967095177268 0.34235969626290985
329.026444749519 0.33084916727176505
329.085785718439 0.3220580863902066
329.145118082178 0.3155647417923858
329.204441838887 0.31073561355066326
329.263756986717 0.3070671679689583
329.323063523819 0.3043150811535855
329.382361448343 0.3024128646130554
329.44165075844 0.3012965143834391
329.500931452262 0.300778425152879
329.560203527958 0.3005359578182296
329.61946698368 0.30018308159326546
329.678721817578 0.2993620825699125
329.737968027804 0.2978342307927161
329.797205612507 0.29559010848867107
329.85643456984 0.2929660492997129
329.915654897952 0.290675144963489
329.974866594994 0.28966225639244414
330.034069659117 0.2908086813731766
330.093264088473 0.2946229706732404
330.152449881211 0.30106114627437586
330.211627035483 0.30955991048008014
330.270795549439 0.3192827497122974
330.32995542123 0.32944664912613764
330.389106649007 0.33947842908967196
330.448249230921 0.34883318403890007
330.507383165123 0.3566215481172612
330.566508449762 0.36146502271523495
330.625625082991 0.3619265379060814
330.68473306296 0.35736999015793947
330.743832387819 0.3485535702843092
330.80292305572 0.3373804211179319
330.862005064813 0.32603825331621006
330.921078413249 0.31623815424839896
330.980143099179 0.30893932878157826
331.039199120754 0.30445192395591425
331.098246476124 0.30265227541325457
331.15728516344 0.3031362285671898
331.216315180853 0.30526590373678353
331.275336526514 0.30815795647095867
331.334349198574 0.31071474906260144
331.393353195183 0.31180009352662164
331.452348514492 0.3105725308866172
331.511335154652 0.30682745879745754
331.570313113814 0.3011105887082184
331.629282390128 0.2944985235340323
331.688242981746 0.28819420627630865
331.747194886818 0.2831852604908248
331.806138103495 0.28009709145080497
331.865072629927 0.27921322758140343
331.923998464266 0.2805638784554596
331.982915604662 0.28398876549213636
332.041824049267 0.289114460837269
332.10072379623 0.2952413630589348
332.159614843703 0.30122547487631723
332.218497189836 0.30554290758534575
332.277370832781 0.30672090481423586
332.336235770688 0.3040502273616632
332.395092001707 0.2980897272012917
332.45393952399 0.29048304069299147
332.512778335688 0.2832032607136731
332.571608434951 0.2777971778637799
332.63042981993 0.27500881762503004
332.689242488775 0.27475328844953006
332.748046439638 0.27626781536576095
332.80684167067 0.2783542288319035
332.865628180021 0.2797217950658786
332.924405965842 0.27941231915571674
332.983175026283 0.27716205014279494
333.041935359496 0.2734933381918535
333.100686963631 0.2694758157939996
333.15942983684 0.2663280297180809
333.218163977272 0.265087271894182
333.276889383079 0.266432399527907
333.335606052412 0.2705939105301445
333.394313983421 0.2772551691644911
333.453013174257 0.28543052804873503
333.511703623071 0.2934472800623593
333.570385328013 0.29926021431574124
333.629058287235 0.30119238634162304
333.687722498888 0.2987473105320735
333.746377961121 0.29284108590683755
333.805024672086 0.2852302705474532
333.863662629934 0.2776301190347261
333.922291832815 0.2711223241453664
333.98091227888 0.26601530083014846
334.039523966281 0.2620001020363152
334.098126893167 0.25843081422586656
334.15672105769 0.2546420783468497
334.215306458 0.2502388461215138
334.273883092248 0.24526577706311647
334.332450958586 0.24018367078585467
334.391010055163 0.23568459556758448
334.44956038013 0.23247156108522482
334.508101931639 0.23111312495262581
334.56663470784 0.23198683635078376
334.625158706884 0.23524460969591887
334.683673926922 0.240718930365037
334.742180366104 0.24774214195044064
334.800678022582 0.254969496830028
334.859166894505 0.2604525904485273
334.917646980026 0.2622292979153582
334.976118277294 0.25929748681950326
335.03458078446 0.25222997567465777
335.093034499676 0.24280399372771144
335.151479421092 0.2329901150115763
335.209915546859 0.22415550787086747
335.268342875127 0.21686930008624794
335.326761404048 0.21114261439188375
335.385171131772 0.20681228056758083
335.44357205645 0.20386830198473194
335.501964176233 0.20261993882480356
335.560347489271 0.20368583035031917
335.618721993716 0.20787457248199404
335.677087687718 0.21603473308152377
335.735444569428 0.22888377942823512
335.793792636996 0.24672852599241812
335.852131888574 0.26893617940119396
335.910462322313 0.2931230697132925
335.968783936363 0.31452138338223223
336.027096728874 0.3267870857604185
336.085400697998 0.3251761778582598
336.143695841886 0.3100129508419138
336.201982158688 0.2865206403929319
336.260259646555 0.2611890189311181
336.318528303638 0.23870949353483484
336.376788128088 0.2213596001690863
336.435039118055 0.20975604917294433
336.493281271691 0.2036958491057933
336.551514587145 0.20264742312836637
336.609739062569 0.20592724900336734
336.667954696114 0.21269766799254697
336.726161485931 0.22190813474113125
336.784359430169 0.23228351372406286
336.842548526981 0.2424324129016664
336.900728774516 0.25106967425586535
336.958900170926 0.25723786643268265
337.017062714361 0.2603777506848166
337.075216402973 0.2602163514482987
337.133361234911 0.2566192145854018
337.191497208327 0.24959588271833377
337.249624321372 0.23948623429353577
337.307742572196 0.22713854949839152
337.36585195895 0.2138570033836542
337.423952479785 0.20110706399942713
337.482044132852 0.19018155554749439
337.540126916301 0.18201669792033404
337.598200828284 0.17718230240865573
337.656265866951 0.17595281280923514
337.714322030452 0.17835339186492483
337.772369316939 0.18411294133932388
337.830407724563 0.19250971636937475
337.888437251474 0.20218925904158203
337.946457895823 0.21118130628585297
338.004469655761 0.21739120234319653
338.062472529438 0.21949322830203277
338.120466515006 0.2175587938155754
338.178451610615 0.21280861752562763
338.236427814416 0.20676182530476317
338.29439512456 0.20055014602135546
338.352353539198 0.19475859563307807
338.410303056479 0.18962750493139968
338.468243674556 0.18530776430617724
338.526175391579 0.18197380481870684
338.584098205699 0.17977051160146373
338.642012115066 0.17869481214130678
338.699917117832 0.17854144339320077
338.757813212147 0.1789904476001869
338.815700396161 0.17981497562439042
338.873578668027 0.1810789393801795
338.931448025893 0.18316371074674165
338.989308467913 0.18657318182214688
339.047159992235 0.19161224165916968
339.105002597011 0.1980749943395781
339.162836280392 0.20505691152952177
339.220661040528 0.21102824334465775
339.27847687557 0.21429951404531677
339.33628378367 0.21376613549684742
339.394081762977 0.20944314410824916
339.451870811643 0.20234916940321734
339.509650927818 0.19388635301412127
339.567422109654 0.18524723742285265
339.625184355301 0.17716491757134833
339.682937662909 0.16995939705447916
339.74068203063 0.163706038043406
339.798417456614 0.15840189208343614
339.856143939013 0.1540752606062895
339.913861475976 0.15082232461720158
339.971570065655 0.14877729926128902
340.029269706201 0.14804220231956544
340.086960395764 0.14861334885864086
340.144642132496 0.15033830679835636
340.202314914546 0.15292380330728872
340.259978740065 0.15599672537977938
340.317633607206 0.159197458614185
340.375279514117 0.16226530563031427
340.432916458951 0.1650759813471241
340.490544439858 0.167615313174016
340.548163454988 0.1699045694925283
340.605773502493 0.17191370073015078
340.663374580523 0.1735053446431758
340.720966687229 0.17444524619932333
340.778549820761 0.17449047752842684
340.836123979272 0.17352714077543085
340.893689160911 0.17169299721262
340.951245363829 0.1694168104065139
341.008792586177 0.16734552340825748
341.066330826106 0.16618577241989563
341.123860081766 0.1665142262313133
341.181380351309 0.16859611048090373
341.238891632885 0.17222570502345702
341.296393924645 0.17662081488432868
341.35388722474 0.18047940256810824
341.41137153132 0.18234139356660384
341.468846842537 0.18120960076910086
341.52631315654 0.17703091662614145
341.583770471482 0.17062349567187263
341.641218785512 0.1631490000619158
341.698658096782 0.1556112880094176
341.756088403442 0.14867446537229356
341.813509703643 0.14273558445940038
341.870921995536 0.13806034964189295
341.928325277272 0.1348589497539192
341.985719547001 0.13328086604405376
342.043104802875 0.13336049151368612
342.100481043043 0.13494894811355018
342.157848265657 0.13765945301231286
342.215206468868 0.14086405730746698
342.272555650827 0.14379522005705647
342.329895809683 0.14577004372490077
342.387226943589 0.1464406376301508
342.444549050694 0.14588665610006246
342.50186212915 0.14445952283085606
342.559166177107 0.14249807224844857
342.616461192717 0.14012727169627137
342.673747174129 0.13726213663648335
342.731024119495 0.13379089786566611
342.788292026966 0.1297969934882156
342.845550894692 0.12565250002027206
342.902800720824 0.12191885935847424
342.960041503513 0.11914228995351783
343.01727324091 0.11767425552007582
343.074495931166 0.11757163528303516
343.13170957243 0.11856245528441212
343.188914162855 0.12007290706235285
343.24610970059 0.12135919395707295
343.303296183788 0.12177531697423549
343.360473610597 0.12107874820104969
343.41764197917 0.11955607555299297
343.474801287657 0.11785763801999061
343.531951534209 0.11668597700503913
343.589092716976 0.11656639767868804
343.64622483411 0.11779147175739024
343.703347883761 0.1204919057523649
343.76046186408 0.12474444354864711
343.817566773218 0.13063514720052427
343.874662609325 0.13821581409632122
343.931749370553 0.1473287124064
343.988827055052 0.15734418206984913
344.045895660973 0.16697018686350606
344.102955186466 0.17440566985857542
344.160005629683 0.17799701574382487
344.217046988775 0.17705986299631915
344.274079261892 0.17216804544772257
344.331102447184 0.16467910816430908
344.388116542803 0.15600455797969026
344.4451215469 0.14716114240459421
344.502117457625 0.13869029688037626
344.559104273129 0.13077826064317977
344.616081991563 0.12342602084099341
344.673050611078 0.11659469828865321
344.730010129824 0.110295045288059
344.786960545952 0.10461430107381442
344.843901857614 0.09969590156090025
344.900834062959 0.09569768720691885
344.957757160139 0.092746050886373
345.014671147304 0.09089000853820228
345.071576022605 0.09005593676477519
345.128471784194 0.09001450253631049
345.18535843022 0.0903901591618097
345.242235958835 0.09075047577561379
345.299104368189 0.09077242329782498
345.355963656433 0.0903979350040437
345.412813821719 0.08985866715301283
345.469654862196 0.08954843747926822
345.526486776015 0.08984596589807758
345.583309561328 0.0909944588997289
345.640123216285 0.0930623706461543
345.696927739037 0.09595377805969629
345.753723127735 0.09943453466806207
345.810509380529 0.10315790996913532
345.86728649557 0.10668737147642182
345.92405447101 0.10952497545767526
345.980813304998 0.11116694811765382
346.037562995686 0.11121220462337655
346.094303541225 0.10951546457356853
346.151034939765 0.10630470997180974
346.207757189456 0.10215357968826533
346.264470288451 0.09778971169053308
346.321174234899 0.09384986450067201
346.377869026952 0.09071065951661972
346.43455466276 0.08843645507469544
346.491231140474 0.08681821069803608
346.547898458244 0.08547745934889406
346.604556614222 0.08402217437812431
346.661205606559 0.08221182141320371
346.717845433405 0.08004789172000393
346.774476092911 0.0777374519033156
346.831097583227 0.07557397409162991
346.887709902505 0.07382833164797131
346.944313048895 0.07269927129527876
347.000907020549 0.07231053269694465
347.057491815616 0.07272189400395201
347.114067432248 0.07393561221583977
347.170633868596 0.0758977386727383
347.22719112281 0.0784995748982773
347.283739193041 0.08157770019392152
347.340278077439 0.08490107870733099
347.396807774157 0.08813715669496913
347.453328281344 0.09081846941586691
347.509839597151 0.092374378117978
347.566341719729 0.09229336536494337
347.622834647229 0.09037755677473247
347.679318377802 0.08690367247638076
347.735792909598 0.08252617635593573
347.792258240768 0.07799167055899736
347.848714369463 0.07388631653658373
347.905161293834 0.0705426126274552
347.961599012032 0.068073198212393
348.018027522207 0.06644718253384685
348.07444682251 0.06555344354784776
348.130856911092 0.06523311318587055
348.187257786104 0.06528592304883496
348.243649445696 0.06546773999051947
348.30003188802 0.06550397236206384
348.356405111226 0.06513979878181708
348.412769113465 0.06422390581189585
348.469123892887 0.0627845876707337
348.525469447644 0.06104224556415372
348.581805775886 0.0593404998055318
348.638132875765 0.05803704541738308
348.69445074543 0.05741153878551808
348.750759383033 0.05761380935939675
348.807058786724 0.05863957276817722
348.863348954654 0.060316855891979215
348.919629884975 0.06231032763452582
348.975901575836 0.06417548336714085
349.032164025389 0.06548228515062915
349.088417231785 0.06596482710944462
349.144661193173 0.0656032366982009
349.200895907706 0.06458861767617807
349.257121373533 0.06321788145382623
349.313337588806 0.06179422606054508
349.369544551676 0.060561964849340066
349.425742260292 0.05966206973752297
349.481930712807 0.05909370450694129
349.53810990737 0.0586885381401252
349.594279842133 0.058128744659270426
349.650440515246 0.05704753644035021
349.70659192486 0.055205483127438004
349.762734069126 0.05263829462893188
349.818866946195 0.04964507510324223
349.874990554217 0.04662206682504788
349.931104891344 0.04388544749035905
349.987209955725 0.04159333381939656
350.043305745513 0.039763542207577385
350.099392258857 0.03833372613025965
350.155469493909 0.037222790960859675
350.211537448819 0.03637267108867226
350.267596121738 0.035761039601426736
350.323645510816 0.03538640627756584
350.379685614206 0.03523868395592189
350.435716430057 0.035273577743955564
350.49173795652 0.035406188407048345
350.547750191746 0.035531213558590125
350.603753133885 0.035563800575302285
350.65974678109 0.03547845386190429
350.715731131509 0.03531846675996886
350.771706183295 0.03516766277383676
350.827671934598 0.03510393200181816
350.883628383569 0.035162851020321906
350.939575528358 0.03532764425457191
350.995513367116 0.03554543104621666
351.051441897995 0.035757046377511204
351.107361119144 0.03591951072025612
351.163271028715 0.036003128392825046
351.219171624859 0.035963701742419474
351.275062905726 0.0357130989388883
351.330944869467 0.03512087594770086
351.386817514233 0.03406577373719277
351.442680838174 0.03251684467917482
351.498534839442 0.030583396458403467
351.554379516188 0.02848508369383973
351.610214866561 0.02646421571491986
351.666040888713 0.02470792469468508
351.721857580795 0.02331931366051687
351.777664940957 0.02232771397975386
351.83346296735 0.021711731587238825
351.889251658125 0.021418893627291324
351.945031011433 0.021379059619233365
352.000801025425 0.021515485612014884
352.056561698251 0.02175726993115401
352.112313028062 0.022051845506624757
352.16805501301 0.022370465970091846
352.223787651243 0.02269950865556747
352.279510940915 0.0230178674260475
352.335224880175 0.02327016353172695
352.390929467173 0.023351376296194548
352.446624700062 0.023119972023574187
352.502310576992 0.022449166187684444
352.557987096113 0.021299495264410107
352.613654255576 0.01976199073733631
352.669312053532 0.018028293729599687
352.724960488132 0.016307088289509775
352.780599557527 0.014751385184079924
352.836229259868 0.013434615739081224
352.891849593304 0.01236451289025664
352.947460555988 0.011507837960894163
353.003062146069 0.010810175943882672
353.058654361699 0.010208491371244466
353.114237201029 0.009640631659554533
353.169810662208 0.009056180739797193
353.225374743389 0.008428365650273939
353.280929442721 0.0077602538658948506
353.336474758356 0.007077923182518098
353.392010688445 0.006412595472277682
353.447537231137 0.005783232653448267
353.503054384585 0.0051894193993975435
353.558562146938 0.0046155462262097435
353.614060516348 0.004041653039504878
353.669549490965 0.00345516198990381
353.72502906894 0.002857608171465409
353.780499248424 0.002262051734120085
353.835960027568 0.0016825519511092235
353.891411404522 0.0011231925549741728
353.946853377438 0.0005739461676916857
354.002285944465 1.5075039520806577e-05
354.057709103756 -0.0005727353414224368
354.11312285346 -0.001197038563980346
354.168527191728 -0.0018470537556359856
354.223922116712 -0.002497559203572197
354.279307626562 -0.003122569044638812
354.334683719429 -0.0037092453845878337
354.390050393463 -0.004262293882763557
354.445407646816 -0.004798303379105473
354.500755477638 -0.005336509619746632
354.55609388408 -0.005891560298074472
354.611422864292 -0.006469756228083989
354.666742416427 -0.007068009070892667
354.722052538633 -0.007675088038580635
354.777353229063 -0.008275763564232652
354.832644485867 -0.008857945045837146
354.887926307195 -0.009420378044469158
354.943198691199 -0.009976580977012484
354.99846163603 -0.010552418123107365
355.053715139837 -0.011178694537873457
355.108959200773 -0.01188224068622401
355.164193816987 -0.01267776805456644
355.21941898663 -0.013560821678117674
355.274634707854 -0.014502283045487063
355.329840978809 -0.015447682819163866
355.385037797646 -0.01632722778101381
355.440225162515 -0.01707903760363161
355.495403071568 -0.01767637010182277
355.550571522955 -0.018140366219264736
355.605730514827 -0.01852769134779253
355.660880045335 -0.01890153533354688
355.71602011263 -0.019303759601442927
355.771150714862 -0.019740123687903566
355.826271850182 -0.020181411923896442
355.881383516741 -0.020578359204251218
355.93648571269 -0.020885104604401517
355.99157843618 -0.02108245588247648
356.046661685361 -0.021191861759174757
356.101735458384 -0.021276108243126757
356.1567997534 -0.021429483536917315
356.21185456856 -0.021763047509506972
356.266899902014 -0.022388891335463623
356.321935751914 -0.0234031488684191
356.376962116409 -0.024863287244804466
356.431978993652 -0.026754692808539704
356.486986381792 -0.02895257832655007
356.541984278981 -0.031212492718768026
356.596972683369 -0.03324068738535524
356.651951593108 -0.03484212330583003
356.706921006347 -0.036033421970120605
356.761880921237 -0.03700662217833517
356.81683133593 -0.037978139444556636
356.871772248577 -0.03904424491361036
356.926703657327 -0.040114420966181674
356.981625560332 -0.04093994938104828
357.036537955743 -0.041237891453653086
357.091440841711 -0.040858792963676116
357.146334216385 -0.039878790685568655
357.201218077918 -0.038542771186308
357.256092424459 -0.037125947132285786
357.31095725416 -0.03583059159204771
357.365812565171 -0.034761264458575414
357.420658355643 -0.033952436358433924
357.475494623727 -0.03341101290601123
357.530321367574 -0.033150990890994936
357.585138585335 -0.033211170099773146
357.63994627516 -0.033656129862892126
357.6947444352 -0.034566723282094314
357.749533063606 -0.03602730639621177
357.804312158528 -0.038112444745738716
357.859081718118 -0.040869014527804004
357.913841740527 -0.0442847848645892
357.968592223904 -0.04823782813191979
358.023333166401 -0.05244229806051015
358.078064566169 -0.05644716983823406
358.132786421359 -0.059762811563968565
358.18749873012 -0.06210105023357371
358.242201490605 -0.06355134964196396
358.296894700963 -0.06451892132319514
358.351578359346 -0.0654786961531908
358.406252463905 -0.06673781438464266
358.46091701279 -0.06831284043128849
358.515572004151 -0.06992241464216686
358.570217436141 -0.07108735973777813
358.624853306909 -0.07133008549678
358.679479614606 -0.0703939008200587
358.734096357384 -0.06834250341238124
358.788703533392 -0.06548243497674555
358.843301140783 -0.06220259162046249
358.897889177705 -0.05885588776908435
358.952467642311 -0.05571950406118453
359.007036532752 -0.052997710457940994
359.061595847177 -0.050827826312798585
359.116145583738 -0.04927677513394102
359.170685740585 -0.04833371514327289
359.225216315869 -0.0479076972131115
359.279737307742 -0.04783881048450733
359.334248714354 -0.047930765492084526
359.388750533855 -0.04800494649752174
359.443242764396 -0.04795705459743704
359.497725404129 -0.0477841169501495
359.552198451204 -0.04756405855236412
359.606661903772 -0.04740335003451812
359.661115759983 -0.04738624253159762
359.715560017989 -0.04754949901667338
359.76999467594 -0.04788757398305432
359.824419731987 -0.04838039014211726
359.87883518428 -0.04902884921002881
359.933241030972 -0.049879863417459425
359.987637270211 -0.05102693541558556
360.04202390015 -0.05258490092764523
360.096400918939 -0.05464942381967408
360.150768324728 -0.05725507307438282
360.205126115669 -0.060343469966364416
360.259474289912 -0.06375257640829957
360.313812845609 -0.06723882262560976
360.368141780909 -0.07053633112881896
360.422461093964 -0.07343839608231184
360.476770782925 -0.07586816713956024
360.531070845941 -0.07790545749199307
360.585361281165 -0.07975562831415672
360.639642086747 -0.08166918051700733
360.693913260837 -0.08383387382319607
360.748174801587 -0.0862652465596212
360.802426707147 -0.08872948751329846
360.856668975668 -0.09075392296063511
360.910901605301 -0.09178404890328129
360.965124594197 -0.09146172631454941
361.019337940506 -0.08984678086970588
361.073541642379 -0.0873891258897086
361.127735697967 -0.0846782215128905
361.181920105421 -0.08218337861952707
361.236094862891 -0.08013931829654508
361.290259968529 -0.07857869001124496
361.344415420485 -0.07744366651697365
361.39856121691 -0.07670942873786812
361.452697355955 -0.07646578366880741
361.50682383577 -0.07692659787129486
361.560940654506 -0.0783745754975732
361.615047810315 -0.08107171777930222
361.669145301346 -0.08515175990390011
361.723233125751 -0.09048558951036223
361.777311281681 -0.09652580470509808
361.831379767286 -0.102227609931975
361.885438580717 -0.10625147954015035
361.939487720125 -0.10754220359931499
361.993527183661 -0.10592977938500225
362.047556969475 -0.102177094289853
362.101577075718 -0.09744517180641776
362.155587500541 -0.09271537033559563
362.209588242095 -0.08854023730818095
362.263579298531 -0.08507608300534109
362.317560667999 -0.08222301205294347
362.37153234865 -0.07977422677463641
362.425494338635 -0.07754514325628259
362.479446636106 -0.07546392970370974
362.533389239211 -0.07360122416527926
362.587322146103 -0.07213742573003801
362.641245354932 -0.07129997496843643
362.695158863849 -0.07131243626389527
362.749062671005 -0.0723744770373651
362.80295677455 -0.07466313335920338
362.856841172636 -0.07833067395935922
362.910715863413 -0.0834719674762684
362.964580845032 -0.0900399245036535
363.018436115643 -0.09770993812927886
363.072281673398 -0.10575418289527916
363.126117516447 -0.11307350433590813
363.179943642941 -0.11852630542039466
363.233760051031 -0.12144048532321339
363.287566738868 -0.12190101304824719
363.341363704602 -0.12056010744746581
363.395150946384 -0.11819535414592441
363.448928462366 -0.11538829340795864
363.502696250697 -0.1124483668717331
363.556454309529 -0.1094896774983195
363.610202637012 -0.10654046267998074
363.663941231298 -0.10362348370492613
363.717670090536 -0.1007966965707614
363.771389212878 -0.09816456996484668
363.825098596475 -0.0958707738020722
363.878798239477 -0.09407883287241936
363.932488140035 -0.09294707136090075
363.986168296301 -0.09260535913711021
364.039838706424 -0.09313920811973164
364.093499368555 -0.09458202984931685
364.147150280846 -0.09691257783508411
364.200791441447 -0.10005411789841201
364.254422848509 -0.10387457829272806
364.308044500182 -0.10819128798414457
364.361656394618 -0.11278695905217251
364.415258529967 -0.11744056506275691
364.468850904381 -0.12196478795580845
364.522433516009 -0.12622718473467542
364.576006363003 -0.130131724035226
364.629569443513 -0.13356136088925097
364.683122755691 -0.13631805612779369
364.736666297686 -0.1381146883796116
364.790200067651 -0.13865065315197733
364.843724063735 -0.13774308719974493
364.897238284089 -0.13543164940789687
364.950742726865 -0.13198560982423513
365.004237390212 -0.12781763743194108
365.057722272282 -0.12337112044052378
365.111197371226 -0.11904025769449489
365.164662685195 -0.1151345520349557
365.218118212338 -0.11186829655076269
365.271563950807 -0.10935645865674926
365.324999898753 -0.10761250538847567
365.378426054327 -0.1065536704715323
365.431842415679 -0.10602079870501557
365.48524898096 -0.1058154607002092
365.538645748321 -0.10574860889598836
365.592032715913 -0.10568625096871753
365.645409881886 -0.1055753930679294
365.698777244391 -0.10544204227353016
365.75213480158 -0.10536694580593031
365.805482551602 -0.10545331558047522
365.858820492609 -0.10579951754091688
365.912148622751 -0.10648290750124001
365.96546694018 -0.1075544071643646
366.018775443046 -0.10903911597870752
366.072074129499 -0.11093618450377563
366.125362997691 -0.11321223774913991
366.178642045773 -0.11578823450358999
366.231911271894 -0.1185285817802505
366.285170674207 -0.12124802951135749
366.338420250862 -0.12374828850208364
366.391660000009 -0.12587868532342683
366.444889919799 -0.12759283967673896
366.498110008383 -0.12896729707574672
366.551320263913 -0.13016908660426474
366.604520684538 -0.13138970510311632
366.65771126841 -0.13277532047956753
366.710892013679 -0.13437239657258992
366.764062918496 -0.13609403974803846
366.817223981012 -0.13771249810718256
366.870375199378 -0.138894528976793
366.923516571744 -0.13929696558406457
366.976648096262 -0.13870754733367274
367.029769771081 -0.13716319560348234
367.082881594354 -0.1349636615044636
367.13598356423 -0.13256263991521733
367.18907567886 -0.13040610817407883
367.242157936396 -0.1288102970586471
367.295230334988 -0.12792448118346755
367.348292872786 -0.12776819587767163
367.401345547942 -0.12830485032411698
367.454388358607 -0.12950907653150245
367.507421302931 -0.13139476732185074
367.560444379065 -0.1339932526466454
367.613457585159 -0.13729806320439275
367.666460919365 -0.1412085545661449
367.719454379834 -0.14550196656451275
367.772437964715 -0.14984742279546082
367.825411672161 -0.15385550499181144
367.878375500321 -0.15714416704377576
367.931329447347 -0.15940408293285424
367.984273511389 -0.16045783569168193
368.037207690598 -0.16030892052426038
368.090131983126 -0.15916388812458426
368.143046387121 -0.15740635832589422
368.195950900737 -0.15552242100008862
368.248845522122 -0.15400547786311247
368.301730249429 -0.15327486950038705
368.354605080807 -0.1536237520922482
368.407470014409 -0.15518929970130835
368.460325048383 -0.15792949711435655
368.513170180882 -0.1615971184394518
368.566005410056 -0.1657180062583632
368.618830734056 -0.16960206478615425
368.671646151032 -0.17242975671109972
368.724451659135 -0.1734399445175111
368.777247256517 -0.17217838557698162
368.830032941328 -0.16868586768689398
368.882808711719 -0.16350317888564248
368.93557456584 -0.15748390240596577
368.988330501842 -0.15153188416580377
369.041076517877 -0.1463957347511109
369.093812612095 -0.1425722508714944
369.146538782646 -0.14029334609213961
369.199255027682 -0.1395493129488723
369.251961345353 -0.14012036196021815
369.304657733811 -0.14161684100540584
369.357344191205 -0.1435444054354319
369.410020715687 -0.1454014807981312
369.462687305407 -0.1467860029121938
369.515343958517 -0.14746515223532486
369.567990673166 -0.14737796824763805
369.620627447507 -0.1465875663352304
369.673254279689 -0.14522942507383774
369.725871167864 -0.14348753388831748
369.778478110182 -0.14159357979538645
369.831075104794 -0.13982383988183467
369.88366214985 -0.13847722884296088
369.936239243503 -0.13783994354877838
369.988806383901 -0.13815480719320972
370.041363569197 -0.13960917107260395
370.093910797541 -0.14234206681950956
370.146448067084 -0.14645946469246962
370.198975375976 -0.15204050725737372
370.251492722369 -0.15911820591977133
370.304000104413 -0.16762575488120135
370.356497520258 -0.17731540243445
370.408984968057 -0.1876810658692437
370.461462445959 -0.1979415334362179
370.513929952115 -0.20714260527654638
370.566387484676 -0.21437948158495357
370.618835041793 -0.21903805752374494
370.671272621617 -0.22090507519108749
370.723700222299 -0.22008758644418291
370.776117841988 -0.2168369878908083
370.828525478837 -0.2114296248056955
370.880923130996 -0.20417163086664147
370.933310796615 -0.1954719654327498
370.985688473846 -0.18587773359319282
371.038056160839 -0.176018519850471
371.090413855745 -0.16649595265250827
371.142761556714 -0.15779247490591175
371.195099261899 -0.15024073629056167
371.247426969449 -0.14404386462160557
371.299744677515 -0.13931369874031896
371.352052384247 -0.13610216068463088
371.404350087798 -0.13442032053740272
371.456637786317 -0.13425381610463683
371.508915477956 -0.13558650437393815
371.561183160865 -0.13843773457892639
371.613440833195 -0.14290609259327758
371.665688493096 -0.14919967704540105
371.71792613872 -0.15762646509593115
371.770153768217 -0.16851913310598243
371.822371379739 -0.1820707355594885
371.874578971435 -0.1980630433567977
371.926776541457 -0.2155108617396022
371.978964087955 -0.23237851571435808
372.031141609081 -0.24572328421420564
372.083309102985 -0.25260062056896104
372.135466567817 -0.2514589312483748
372.18761400173 -0.24298254410543563
372.239751402872 -0.22962946161567044
372.291878769396 -0.21436073318982518
372.343996099452 -0.19960060255985623
372.396103391191 -0.18686937985103336
372.448200642764 -0.17688322508615495
372.50028785232 -0.16978948715559006
372.552365018012 -0.16535746419838326
372.60443213799 -0.16309200472891916
372.656489210405 -0.16231520767654306
372.708536233407 -0.1622843466722984
372.760573205148 -0.16238038322694448
372.812600123778 -0.16231358154099218
372.864616987447 -0.16222399215678573
372.916623794308 -0.16260468713704435
372.96862054251 -0.16411065274248182
373.020607230204 -0.16738266209160746
373.072583855542 -0.1729592247603049
373.124550416673 -0.18126083595653197
373.176506911749 -0.19258598353503975
373.22845333892 -0.20705591125347067
373.280389696338 -0.2244614704140172
373.332315982153 -0.24400293367011372
373.384232194515 -0.2640005723445191
373.436138331577 -0.2817988267318612
373.488034391487 -0.2941817702796905
373.539920372398 -0.2984095288220363
373.59179627246 -0.29340891005285075
373.643662089824 -0.280273313395198
373.69551782264 -0.2616941771627235
373.74736346906 -0.24082176676550937
373.799199027234 -0.2203255495537988
373.851024495313 -0.20200338681222485
373.902839871448 -0.18683095243008552
373.954645153789 -0.17520051429860184
374.006440340488 -0.16716809062702376
374.058225429695 -0.16263261860515088
374.11000041956 -0.1614359946335262
374.161765308236 -0.1633983173554544
374.213520093872 -0.16830759096527548
374.265264774619 -0.1758828404834647
374.316999348628 -0.18573131545993526
374.368723814051 -0.1973245216153633
374.420438169037 -0.21001905372835594
374.472142411737 -0.22313777511120114
374.523836540303 -0.2360964739603999
374.575520552884 -0.2485142302534763
374.627194447633 -0.2602118021415387
374.678858222699 -0.27102639508114956
374.730511876234 -0.28047117370633456
374.782155406388 -0.2874166646064933
374.833788811312 -0.2901074301849871
374.885412089157 -0.28679145170270237
374.937025238073 -0.2767920641575585
374.988628256212 -0.26120438603714247
375.040221141724 -0.24249675137060056
375.09180389276 -0.22335594939091363
375.14337650747 -0.20575003458792418
375.194938984007 -0.19068293601098607
375.246491320519 -0.1784330088280618
375.298033515159 -0.1689143767936735
375.349565566077 -0.16196182934455905
375.401087471423 -0.15749056455858446
375.452599229349 -0.15554707241544652
375.504100838005 -0.15628358554782962
375.555592295543 -0.15988225147197355
375.607073600112 -0.1664359099529864
375.658544749864 -0.17577597690528035
375.710005742949 -0.18725572977319793
375.761456577519 -0.199582104583648
375.812897251724 -0.21091207079841956
375.864327763714 -0.21940476796087116
375.915748111641 -0.2240434739776912
375.967158293656 -0.2251087886510299
376.018558307909 -0.22389193809568697
376.069948152551 -0.22195189575105867
376.121327825733 -0.22049919297812337
376.172697325605 -0.22015566155220778
376.224056650319 -0.22099984480165413
376.275405798025 -0.22274614889063737
376.326744766873 -0.22496920499807793
376.378073555016 -0.22731578119969187
376.429392160603 -0.22963487090009638
376.480700581786 -0.2319693561115681
376.531998816715 -0.23442232450939082
376.58328686354 -0.23698874306751705
376.634564720414 -0.2394634592208602
376.685832385485 -0.24148833982287843
376.737089856907 -0.24271320015816822
376.788337132828 -0.24296169893720365
376.8395742114 -0.2422802440542665
376.890801090774 -0.2408380937357728
376.9420177691 -0.23876815860770317
376.99322424453 -0.2360781752639438
377.044420515214 -0.2326966574175524
377.095606579302 -0.22861237631709252
377.146782434946 -0.22399743229873648
377.197948080297 -0.21921985563280644
377.249103513505 -0.2147386782003683
377.300248732721 -0.21095467734409223
377.351383736095 -0.20809945632328297
377.40250852178 -0.20620005650869
377.453623087924 -0.20511048870824167
377.50472743268 -0.20458118266219538
377.555821554198 -0.2043350998356004
377.606905450628 -0.2041250706690083
377.657979120122 -0.20375991065878962
377.709042560831 -0.2031053226583429
377.760095770905 -0.20207906790997787
377.811138748494 -0.20065702774650573
377.862171491751 -0.1988887725728199
377.913193998824 -0.19690397435289242
377.964206267866 -0.1948915402054039
378.015208297028 -0.193052906047397
378.066200084459 -0.19155263931301736
378.117181628311 -0.19049527208368056
378.168152926734 -0.18994360242440456
378.219113977879 -0.1899700130120966
378.270064779898 -0.19071180322345205
378.32100533094 -0.1923958576635698
378.371935629158 -0.1953118648065153
378.4228556727 -0.1997378040206551
378.473765459719 -0.20584006605896543
378.524664988365 -0.21357663749133704
378.575554256788 -0.22263280834246213
378.62643326314 -0.23242017452759856
378.677302005572 -0.2421601416589303
378.728160482234 -0.25103829155052837
378.779008691276 -0.25837131908800914
378.829846630851 -0.2637204981323694
378.880674299108 -0.26693294403116374
378.931491694198 -0.26814285605537413
378.982298814273 -0.26776063274401796
379.033095657482 -0.2664347338156562
379.083882221978 -0.2649556326447341
379.134658505909 -0.26410619187446494
379.185424507428 -0.26450427987395675
379.236180224685 -0.2664883214036847
379.286925655832 -0.27007320268552804
379.337660799017 -0.2749837258983989
379.388385652393 -0.2807623081582371
379.439100214111 -0.286927886814037
379.48980448232 -0.2931259947231031
379.540498455173 -0.29918530403632115
379.591182130819 -0.3050258747293185
379.641855507409 -0.3104474571699145
379.692518583095 -0.3149119094970684
379.743171356026 -0.3174755654668939
379.793813824355 -0.3169961795535168
379.844445986231 -0.3125975218113388
379.895067839805 -0.30415027941185335
379.945679383229 -0.29242677924435523
379.996280614653 -0.27880560643185714
380.046871532227 -0.26475766873077833
380.097452134103 -0.2514506896642402
380.148022418431 -0.2396193837446522
380.198582383363 -0.22963623004354128
380.249132027048 -0.22165039222627636
380.299671347638 -0.21570088603549364
380.350200343284 -0.21176913059973046
380.400719012136 -0.20977519591462834
380.451227352345 -0.2095380986117823
380.501725362062 -0.21072417695800505
380.552213039437 -0.21281128328263477
380.602690382622 -0.21510443761209863
380.653157389768 -0.2168382075539257
380.703614059024 -0.2173683098201642
380.754060388542 -0.21638656891205565
380.804496376473 -0.2140425133221201
380.854922020967 -0.21089328304323118
380.905337320176 -0.20771646123247356
380.95574227225 -0.20529938006117332
381.006136875339 -0.2042977258452212
381.056521127595 -0.20518275005664233
381.106895027168 -0.20824410851929298
381.15725857221 -0.21360555642748147
381.20761176087 -0.22122419069200505
381.257954591301 -0.23086081037932682
381.308287061651 -0.24202415803318977
381.358609170074 -0.25391120076240536
381.408920914718 -0.26539587682012644
381.459222293735 -0.2751489995417594
381.509513305276 -0.2819540847611811
381.559793947492 -0.2851602852140286
381.610064218532 -0.2850338891582421
381.660324116549 -0.2827416884688343
381.710573639693 -0.27993832892534043
381.760812786114 -0.27820389378029975
381.811041553964 -0.27859526612227004
381.861259941394 -0.28139444739026853
381.911467946553 -0.286020244264384
381.961665567593 -0.2911224876110139
382.011852802665 -0.29497737485428766
382.062029649919 -0.2962139981822316
382.112196107506 -0.2945512155041673
382.162352173578 -0.291006369270727
382.212497846284 -0.28740589256001126
382.262633123776 -0.28561302116421705
382.312758004204 -0.2869622171172115
382.362872485719 -0.2920223687187051
382.412976566473 -0.30054851756768464
382.463070244615 -0.3115054008465936
382.513153518296 -0.32319243269105347
382.563226385668 -0.33357919803008174
382.613288844882 -0.3408618356340184
382.663340894087 -0.3440246302697417
382.713382531434 -0.3430916283565124
382.763413755076 -0.3389558287244876
382.813434563161 -0.33297279961309234
382.863444953842 -0.3265829335562993
382.913444925269 -0.3210821269338723
382.963434475592 -0.31751076910181264
383.013413602963 -0.3165869202160827
383.063382305532 -0.31863445364452103
383.11334058145 -0.3234939131872585
383.163288428868 -0.3304418365139564
383.213225845937 -0.3381931073418908
383.263152830807 -0.3450980435933908
383.313069381629 -0.3495952732409181
383.362975496554 -0.35079289622803056
383.412871173733 -0.3488545489239706
383.462756411317 -0.34492409898314325
383.512631207456 -0.34064784980956075
383.562495560301 -0.33760346569269795
383.612349468003 -0.3368881773837694
383.662192928713 -0.33890948481647576
383.712025940582 -0.3432999629962178
383.76184850176 -0.34890233273250304
383.811660610398 -0.35386890737844545
383.861462264646 -0.3559895073582633
383.911253462657 -0.35330083934134016
383.96103420258 -0.34480386504409277
384.010804482567 -0.33089565632429785
384.060564300767 -0.3132087674530205
384.110313655333 -0.2939582221093685
384.160052544414 -0.2752163443431972
384.209780966161 -0.25846749153576787
384.259498918726 -0.2445082086792778
384.309206400259 -0.2335631142903295
384.358903408911 -0.225467634813162
384.408589942832 -0.21983475832514743
384.458266000174 -0.21618539842083928
384.507931579087 -0.21405104468265368
384.557586677722 -0.2130576347736166
384.60723129423 -0.2129850301525169
384.656865426762 -0.21378351991651978
384.706489073468 -0.21553116859313237
384.756102232499 -0.21833504770006995
384.805704902006 -0.22220339767243547
384.855297080139 -0.226933171751466
384.904878765051 -0.23206695520890075
384.95444995489 -0.23696979593526235
385.004010647809 -0.24103654866724233
385.053560841958 -0.24395306248724846
385.103100535487 -0.2458607711770019
385.152629726548 -0.2473135200066675
385.202148413292 -0.2490587784573013
385.251656593868 -0.25178086915075204
385.301154266428 -0.25592384387181477
385.350641429123 -0.2616283591598576
385.400118080104 -0.26876201196814775
385.44958421752 -0.2770138001943866
385.499039839524 -0.286028429307283
385.548484944266 -0.29554885757478744
385.597919529896 -0.3055173165426005
385.647343594565 -0.31607712609423366
385.696757136425 -0.3274368212187172
385.746160153626 -0.3395998445928179
385.795552644319 -0.3520160266592035
385.844934606654 -0.36328712776969707
385.894306038783 -0.37116811120793014
385.943666938856 -0.37314215611947077
385.993017305023 -0.3675526411565748
386.042357135437 -0.354644127201167
386.091686428247 -0.33662963731521134
386.141005181605 -0.3166826625923921
386.19031339366 -0.2976951533456407
386.239611062565 -0.28158667760013023
386.288898186469 -0.2692501397328888
386.338174763524 -0.2608112346817336
386.38744079188 -0.25592133830756336
386.436696269688 -0.2539793392088806
386.485941195099 -0.2542888702384336
386.535175566264 -0.2561851788824242
386.584399381333 -0.2591473212082217
386.633612638457 -0.2628821906983264
386.682815335788 -0.26735401535534553
386.732007471475 -0.27274579822995115
386.78118904367 -0.27936323729736434
386.830360050524 -0.28750382834660704
386.879520490186 -0.2973070305876996
386.928670360809 -0.308590263396449
386.977809660542 -0.3206832098511204
387.026938387537 -0.3323152699677381
387.076056539945 -0.3416766693379574
387.125164115915 -0.34679291044820826
387.1742611136 -0.34620965986027896
387.223347531149 -0.3396821732969024
387.272423366714 -0.32839633795121403
387.321488618446 -0.31453328634586586
387.370543284494 -0.30049671405050005
387.41958736301 -0.2882882137084932
387.468620852145 -0.2792511730226013
387.51764375005 -0.27409701502545225
387.566656054875 -0.27302924771056425
387.615657764771 -0.2758376056454983
387.664648877888 -0.2819263774204238
387.713629392379 -0.2903181295346853
387.762599306393 -0.2997261104104828
387.811558618081 -0.30878379520055554
387.860507325594 -0.31641315171283735
387.909445427083 -0.3221474848119287
387.958372920699 -0.3261777272200119
388.007289804592 -0.3290711093521913
388.056196076914 -0.3313528953000645
388.105091735814 -0.33321121535401843
388.153976779444 -0.33447488593155916
388.202851205955 -0.334854016415281
388.251715013497 -0.33429260420286366
388.300568200222 -0.3332067089679641
388.349410764279 -0.3324481385200413
388.39824270382 -0.33302214401297414
388.447064016996 -0.335729343834996
388.495874701957 -0.34088623737997426
388.544674756854 -0.34818400610373956
388.593464179838 -0.35669179514057026
388.64224296906 -0.3650094689255451
388.69101112267 -0.37156029293800674
388.73976863882 -0.37495403561703444
388.788515515659 -0.37429907248096717
388.83725175134 -0.3693675879782907
388.885977344012 -0.36059823947753067
388.934692291827 -0.3489711072309093
388.983396592935 -0.3357923554776373
389.032090245487 -0.3224324448258147
389.080773247634 -0.3100844224695517
389.129445597526 -0.29960590605784554
389.178107293315 -0.29146568924630156
389.226758333151 -0.28576972683094637
389.275398715185 -0.2823252476210041
389.324028437568 -0.28071518643894156
389.372647498451 -0.280378323891751
389.421255895984 -0.28070533072646175
389.469853628318 -0.28115655270149975
389.518440693604 -0.2813834077616677
389.567017089993 -0.2813084396891018
389.615582815635 -0.2811182273323043
389.664137868682 -0.2811609299696576
389.712682247284 -0.28179082849904613
389.761215949592 -0.28322672445277874
389.809738973756 -0.28547876859586696
389.858251317928 -0.2883677143514505
389.906752980258 -0.29162755713028454
389.955243958898 -0.2950493670054283
390.003724251997 -0.29859931916883276
390.052193857707 -0.3024499529563901
390.100652774178 -0.30690887413146084
390.149100999562 -0.31228373878784044
390.197538532009 -0.31874537564891114
390.245965369669 -0.32623370885966085
390.294381510695 -0.3344180288357512
390.342786953235 -0.3427005759923716
390.391181695442 -0.35025272670752405
390.439565735466 -0.3560943931596907
390.487939071458 -0.3592483624504148
390.536301701568 -0.3589826058035266
390.584653623948 -0.35507566019441295
390.632994836747 -0.3479604641734553
390.681325338118 -0.3386280338555705
390.729645126211 -0.32832001710127
390.777954199176 -0.31817328944838397
390.826252555164 -0.30897714378825025
390.874540192327 -0.30110054698259314
390.922817108814 -0.2945561157119839
390.971083302778 -0.289137385269737
391.019338772367 -0.2845723398535849
391.067583515734 -0.28064807157539307
391.11581753103 -0.27727447124699245
391.164040816403 -0.2744773073251019
391.212253370007 -0.27233984496030583
391.260455189991 -0.27093092713969436
391.308646274507 -0.2702549376689206
391.356826621704 -0.2702405373500618
391.404996229734 -0.2707643460741562
391.453155096748 -0.2716930112244612
391.501303220897 -0.272925170807482
391.54944060033 -0.2744209499150094
391.5975672332 -0.2762148441048007
391.645683117656 -0.2784124277875395
391.69378825185 -0.28117096861969715
391.741882633933 -0.2846622971686755
391.789966262054 -0.2890174464692945
391.838039134365 -0.2942578533060617
391.886101249018 -0.30022607348871744
391.934152604162 -0.3065386630626419
391.982193197948 -0.31259234442914197
392.030223028527 -0.3176530366099337
392.07824209405 -0.32103234537888703
392.126250392668 -0.3223058830557298
392.174247922531 -0.3214821213735861
392.222234681791 -0.3190373892322723
392.270210668598 -0.3158031056484649
392.318175881103 -0.31277150136337395
392.366130317456 -0.31091207281406485
392.414073975809 -0.3110570188725238
392.462006854312 -0.31386301036259345
392.509928951116 -0.3198254768291964
392.557840264372 -0.32931552459238667
392.605740792231 -0.34261673131057113
392.653630532843 -0.35994886765169776
392.701509484359 -0.3814747591980788
392.74937764493 -0.4072956574791552
392.797235012707 -0.4374492885698794
392.845081585841 -0.47192880324762865
392.892917362482 -0.5107330527360913
392.940742340781 -0.5539348767080656
392.988556518889 -0.6017198181692223
393.036359894957 -0.6543172818124843
393.084152467136 -0.7117335726297591
393.131934233575 -0.7732131924077734
393.179705192427 -0.8364314945467024
393.227465341842 -0.8966308987288292
393.275214679971 -0.9463027110623057
393.322953204964 -0.9763466521148547
393.370680914972 -0.9791592476127384
393.418397808147 -0.9523409266599798
393.466103882638 -0.9002337706711303
393.513799136597 -0.8318635962020255
393.561483568175 -0.7570414083307788
393.609157175521 -0.6834291752815571
393.656819956788 -0.6156572046907736
393.704471910126 -0.5558398461508274
393.752113033685 -0.5044967995829084
393.799743325617 -0.4613214821809337
393.847362784072 -0.4256596915416365
393.894971407201 -0.39675414218979543
393.942569193154 -0.37384723632221384
393.990156140084 -0.35621134997183956
394.037732246139 -0.3431439186943498
394.085297509472 -0.3339419828092779
394.132851928233 -0.3278617711630091
394.180395500572 -0.3240730042953851
394.227928224642 -0.3216321785919489
394.275450098591 -0.31951487405360957
394.322961120572 -0.3167434778349969
394.370461288734 -0.3126004490510238
394.417950601229 -0.30683767156393316
394.465429056208 -0.2997483471177135
394.512896651821 -0.29203089144941863
394.560353386219 -0.2845091310275252
394.607799257553 -0.2778538235326987
394.655234263974 -0.27241703306861814
394.702658403632 -0.2682065619829974
394.750071674678 -0.26497133436725384
394.797474075264 -0.2623515096187482
394.844865603539 -0.26004132430800536
394.892246257655 -0.2579076276757877
394.939616035762 -0.256019166804557
394.986974936012 -0.2545808111968327
395.034322956555 -0.25381179895526196
395.081660095541 -0.25382668585942714
395.128986351122 -0.25456652643165745
395.176301721448 -0.25580376814009087
395.223606204671 -0.25721990763358754
395.27089979894 -0.2585282231796045
395.318182502407 -0.25958749064278014
395.365454313223 -0.2604470406378107
395.412715229538 -0.26129645535341933
395.459965249503 -0.26234814521532634
395.50720437127 -0.26371769368932513
395.554432592987 -0.2653642970541513
395.601649912808 -0.2671233304236747
395.648856328881 -0.2688228347755316
395.696051839359 -0.27043573975374374
395.743236442392 -0.2721958846594919
395.79041013613 -0.274620455782304
395.837572918725 -0.2784323465961265
395.884724788327 -0.28442414321267584
395.931865743087 -0.29331390671631585
395.978995781156 -0.305617004663849
396.026114900684 -0.3215334803624387
396.073223099823 -0.3408550509598631
396.120320376724 -0.36293101005934625
396.167406729536 -0.3867680800510521
396.214482156411 -0.4113200084172547
396.261546655499 -0.43591400604611963
396.308600224952 -0.46062869417495245
396.35564286292 -0.4864269479313127
396.402674567554 -0.5149989124054615
396.449695337005 -0.5484343996464298
396.496705169424 -0.5888624783420564
396.54370406296 -0.6380832693454253
396.590692015766 -0.6970873710840038
396.637669025992 -0.7653018080923146
396.684635091788 -0.8394975782057255
396.731590211306 -0.9126761788138396
396.778534382697 -0.9739607507283072
396.82546760411 -1.010948660078526
396.872389873697 -1.0146980445747413
396.919301189609 -0.984413666050181
396.966201549996 -0.9277691572632758
397.01309095301 -0.8565896591338931
397.059969396801 -0.7817592173419425
397.106836879519 -0.7105721590750971
397.153693399316 -0.6466494887620904
397.200538954343 -0.5910271273274115
397.24737354275 -0.5433200848673269
397.294197162687 -0.5025531853191902
397.341009812307 -0.46764032737814976
397.387811489759 -0.43760948145806255
397.434602193195 -0.4116704948299471
397.481381920764 -0.3891993814139515
397.528150670619 -0.3696924077907896
397.57490844091 -0.35272554196953565
397.621655229786 -0.337936762821784
397.668391035401 -0.3250317479191829
397.715115855903 -0.31380133966248214
397.761829689445 -0.30413490857239234
397.808532534176 -0.296017455629285
397.855224388247 -0.2895069208363207
397.90190524981 -0.2846966239964294
397.948575117015 -0.28167199824504935
397.995233988013 -0.2804702133426599
398.041881860954 -0.2810484095005464
398.08851873399 -0.28326402586994437
398.135144605271 -0.286870253114884
398.181759472949 -0.29152980520762184
398.228363335173 -0.2968484799920568
398.274956190095 -0.30242456789221994
398.321538035865 -0.3079022299270844
398.368108870634 -0.31301147454192946
398.414668692553 -0.3175802634290613
398.461217499774 -0.3215169855880843
398.507755290445 -0.32477762225752693
398.554282062719 -0.32734068495489477
398.600797814747 -0.32920721652749374
398.647302544678 -0.3304248105437875
398.693796250664 -0.3311149389596383
398.740278930855 -0.3314762554968125
398.786750583403 -0.3317496371505214
398.833211206458 -0.3321552979163853
398.879660798171 -0.33283100910474606
398.926099356693 -0.3338016301541976
398.972526880174 -0.3349951812917018
399.018943366765 -0.3362989310919685
399.065348814618 -0.3376305276593988
399.111743221882 -0.3389924333771003
399.158126586709 -0.3404868831783222
399.20449890725 -0.3422886227990779
399.250860181655 -0.34459157977459554
399.297210408075 -0.3475527615898203
399.34354958466 -0.35125102261913377
399.389877709562 -0.3556666262600895
399.436194780932 -0.36067725937161077
399.48250079692 -0.3660616106616187
399.528795755677 -0.3715043003250029
399.575079655354 -0.3766049571234802
399.621352494101 -0.38090490767027263
399.66761427007 -0.38394808848084117
399.713864981411 -0.38537922544849734
399.760104626274 -0.385053378178949
399.806333202812 -0.3831061157618485
399.852550709174 -0.3799395436729168
399.898757143511 -0.3761214738170441
399.944952503975 -0.37224385268675997
399.991136788715 -0.368804999074696
400.037309995884 -0.3661595865600381
400.08347212363 -0.3645412931672586
400.129623170106 -0.3641294504801439
400.175763133462 -0.3651146139610756
400.221892011849 -0.36772111083981507
400.268009803418 -0.3721639449047994
400.314116506319 -0.37854375944899954
400.360212118703 -0.38670707853853814
400.406296638722 -0.39611818778161767
400.452370064525 -0.40580773505060075
400.498432394264 -0.4144720714550715
400.544483626089 -0.42076200865873536
400.590523758151 -0.42369350348751145
400.636552788602 -0.4229892559576447
400.682570715591 -0.41915129988143995
400.72857753727 -0.4132254129209705
400.774573251789 -0.4064119533471393
400.8205578573 -0.39972942059467576
400.866531351952 -0.39384245891169156
400.912493733897 -0.3890488807101997
400.958445001286 -0.3853636601307534
401.004385152269 -0.3826369462162931
401.050314184997 -0.3806627684066566
401.096232097621 -0.37925475067200354
401.142138888291 -0.37828140774039476
401.18803455516 -0.3776672845793828
401.233919096376 -0.3773754346311967
401.279792510092 -0.37738845467874593
401.325654794457 -0.3776990652019052
401.371505947623 -0.3783104595420964
401.417345967741 -0.3792370851772522
401.463174852961 -0.3804937369043355
401.508992601434 -0.3820673277245491
401.55479921131 -0.3838788655778784
401.600594680742 -0.3857558835025675
401.646379007878 -0.38743940773988084
401.692152190871 -0.388638715191883
401.737914227871 -0.38912265824647474
401.783665117029 -0.38880981569073925
401.829404856496 -0.38781089569331706
401.875133444421 -0.3863979690339244
401.920850878957 -0.38491483076555444
401.966557158254 -0.38367252042493427
402.012252280463 -0.3828748608163225
402.057936243734 -0.38259629061408384
402.103609046218 -0.3828066268173087
402.149270686067 -0.3834187175149353
402.19492116143 -0.3843303796617219
402.24056047046 -0.3854409972126248
402.286188611305 -0.38664083345997213
402.331805582118 -0.38778881066148585
402.377411381049 -0.3887030876071401
402.423006006249 -0.38918362257244143
402.468589455869 -0.3890690823426304
402.514161728059 -0.3883099648906958
402.559722820971 -0.3870270332219039
402.605272732754 -0.3855278402081592
402.65081146156 -0.3842728363739162
402.69633900554 -0.3838037613674281
402.741855362844 -0.3846571980881931
402.787360531624 -0.3872820761737005
402.832854510029 -0.3919691583507361
402.878337296212 -0.39879315905311574
402.923808888321 -0.40756913744484036
402.96926928451 -0.4178326034786991
403.014718482927 -0.4288605035897072
403.060156481724 -0.4397482356797545
403.105583279052 -0.44953955333787965
403.150998873062 -0.4573775128914568
403.196403261904 -0.46262635208437164
403.241796443729 -0.4649260728526301
403.287178416688 -0.4641789717574687
403.332549178932 -0.46050130747108875
403.377908728611 -0.454178463729512
403.423257063877 -0.4456403513916817
403.468594182879 -0.4354475326643178
403.51392008377 -0.42426740474755564
403.559234764699 -0.4128273337538596
403.604538223817 -0.40184784057412304
403.649830459276 -0.3919708793306981
403.695111469226 -0.3836995267110883
403.740381251818 -0.37735850121606596
403.785639805202 -0.3730768283511866
403.83088712753 -0.3707903380239761
403.876123216952 -0.37026380741399234
403.921348071619 -0.3711374186102162
403.966561689682 -0.3730037996471387
404.011764069291 -0.3755142212304635
404.056955208598 -0.37849471757799824
404.102135105753 -0.38203449363154873
404.147303758906 -0.38650615720897663
404.19246116621 -0.39249733294159705
404.237607325814 -0.40066262869911284
404.282742235869 -0.4115209435604832
404.327865894527 -0.42521953201133544
404.372978299938 -0.44128444959154167
404.418079450252 -0.45841035265691943
404.46316934362 -0.4744213703018181
404.508247978194 -0.48659628090904194
404.553315352124 -0.49244559181452474
404.598371463561 -0.49067628175499156
404.643416310656 -0.4817550076982139
404.688449891559 -0.46765636888839923
404.733472204421 -0.4510031871522939
404.778483247394 -0.4341941211240852
404.823483018627 -0.41892961324655686
404.868471516272 -0.40615319748793965
404.913448738479 -0.3962200257330373
404.958414683399 -0.3891155324134056
405.003369349184 -0.38463158993336966
405.048312733983 -0.3824748586386947
405.093244835948 -0.3823168843602336
405.138165653229 -0.3838087194861197
405.183075183977 -0.3865839902681121
405.227973426344 -0.39026801400625344
405.272860378479 -0.3945001298987715
405.317736038533 -0.3989657073352444
405.362600404658 -0.40342714940295343
405.407453475004 -0.40774158146800266
405.452295247722 -0.4118560773087283
405.497125720963 -0.41577712707816716
405.541944892877 -0.41951818565151566
405.586752761615 -0.42303748217232084
405.631549325329 -0.426187189431281
405.676334582168 -0.42870106217917614
405.721108530284 -0.4302439828992455
405.765871167828 -0.4305268194041414
405.810622492949 -0.42945533947773273
405.8553625038 -0.4272507126525905
405.900091198531 -0.4244788593287713
405.944808575292 -0.42196624882822986
405.989514632235 -0.4206338836575565
406.03420936751 -0.4213079874348391
406.078892779267 -0.42455210330398074
406.123564865659 -0.43053480861679805
406.168225624835 -0.4389329743025272
406.212875054947 -0.44888679406403154
406.257513154145 -0.4590567191793905
406.302139920579 -0.46784429204936284
406.346755352402 -0.4737801761592587
406.391359447763 -0.47595428767272774
406.435952204813 -0.474268987871984
406.480533621704 -0.46936690992379115
406.525103696585 -0.46229344045188825
406.569662427608 -0.4541087870741861
406.614209812924 -0.4456416795434769
406.658745850683 -0.43744314091779435
406.703270539036 -0.42988240155723534
406.747783876133 -0.42328251787875015
406.792285860127 -0.41800811844995167
406.836776489167 -0.4144633575029475
406.881255761404 -0.41300738262671555
406.925723674989 -0.41382557567973677
406.970180228073 -0.41680237833855704
407.014625418807 -0.42143937048560565
407.059059245341 -0.42686416474811506
407.103481705826 -0.43197295892060017
407.147892798414 -0.43571236150468895
407.192292521254 -0.43742170983617057
407.236680872497 -0.4370783518960747
407.281057850295 -0.4353083301406544
407.325423452798 -0.43315866032047945
407.369777678158 -0.4317609000334238
407.414120524523 -0.432035852989875
407.458451990047 -0.43451184333373327
407.502772072879 -0.43924795607241185
407.547080771169 -0.44582591713059627
407.59137808307 -0.45339264368238374
407.635664006732 -0.46076582735522476
407.679938540305 -0.46662544972622144
407.72420168194 -0.46978632448630764
407.768453429788 -0.4694884659178492
407.812693782001 -0.46559677205834604
407.856922736727 -0.45862076033575294
407.90114029212 -0.44955063059148126
407.945346446328 -0.4395940477804049
407.989541197504 -0.42992331032705544
408.033724543797 -0.42150231850445863
408.07789648336 -0.4150038573664242
408.122057014341 -0.41079079547791786
408.166206134893 -0.4089281461996661
408.210343843165 -0.4092046512883517
408.25447013731 -0.4111593023659529
408.298585015477 -0.4141219537677394
408.342688475817 -0.4172832280826323
408.386780516482 -0.4198035280264957
408.430861135621 -0.420953180767325
408.474930331387 -0.42025218595754177
408.518988101929 -0.41756409516707715
408.563034445398 -0.4131083980209308
408.607069359945 -0.4073878208156725
408.651092843721 -0.40106126035183765
408.695104894877 -0.39480819949270685
408.739105511563 -0.38922145423672827
408.783094691931 -0.3847438215558597
408.827072434131 -0.38164546450786613
