2.97491864652239e+002 9.68135689566132e+013
2.97555376277378e+002 1.02630119884223e+014
2.97618880245981e+002 1.07322239600395e+014
2.97682376556197e+002 1.10122707097943e+014
2.97745865206179e+002 1.10469260984712e+014
2.97809346194076e+002 1.08155359370385e+014
2.97872819518039e+002 1.03418654475464e+014
2.97936285176219e+002 9.68917411092636e+013
2.97999743166768e+002 8.94167710720185e+013
2.98063193487835e+002 8.18163707162169e+013
2.98126636137571e+002 7.47312520963509e+013
2.98190071114128e+002 6.85776725095589e+013
2.98253498415656e+002 6.36038861309736e+013
2.98316918040306e+002 5.99800955905445e+013
2.98380329986229e+002 5.78542392582654e+013
2.98443734251575e+002 5.73430228757280e+013
2.98507130834496e+002 5.84826542212280e+013
2.98570519733141e+002 6.11937332628352e+013
2.98633900945662e+002 6.52896652618022e+013
2.98697274470210e+002 7.05024542013742e+013
2.98760640304936e+002 7.64763536124358e+013
2.98823998447989e+002 8.27204925354625e+013
2.98887348897522e+002 8.85770189831039e+013
2.98950691651684e+002 9.32798319681674e+013
2.99014026708628e+002 9.61234146537412e+013
2.99077354066502e+002 9.66793390220793e+013
2.99140673723459e+002 9.49624169196896e+013
2.99203985677648e+002 9.14808931461060e+013
2.99267289927222e+002 8.71588887922154e+013
2.99330586470330e+002 8.31424964630643e+013
2.99393875305123e+002 8.05030057583851e+013
2.99457156429753e+002 7.98840873895223e+013
2.99520429842369e+002 8.12130916642001e+013
2.99583695541123e+002 8.36379981218462e+013
2.99646953524166e+002 8.57834087988048e+013
2.99710203789648e+002 8.62568909104118e+013
2.99773446335720e+002 8.41889676960699e+013
2.99836681160533e+002 7.95606776770857e+013
2.99899908262238e+002 7.31812048719999e+013
2.99963127638985e+002 6.63565329887510e+013
3.00026339288925e+002 6.04334426833749e+013
3.00089543210210e+002 5.64298849892747e+013
3.00152739400989e+002 5.48650716497014e+013
3.00215927859414e+002 5.57600056191473e+013
3.00279108583636e+002 5.87041960789117e+013
3.00342281571804e+002 6.29264635701196e+013
3.00405446822071e+002 6.74042045838675e+013
3.00468604332587e+002 7.10805459287985e+013
3.00531754101502e+002 7.31819778125712e+013
3.00594896126967e+002 7.35091549632860e+013
3.00658030407134e+002 7.25299166121119e+013
3.00721156940153e+002 7.11891327328988e+013
3.00784275724174e+002 7.05073126037350e+013
3.00847386757349e+002 7.11603976975431e+013
3.00910490037829e+002 7.32432284006975e+013
3.00973585563763e+002 7.63176591426045e+013
3.01036673333304e+002 7.96912951767404e+013
3.01099753344601e+002 8.27515785174736e+013
3.01162825595805e+002 8.51678096001740e+013
3.01225890085069e+002 8.68804408936235e+013
3.01288946810541e+002 8.79434583903839e+013
3.01351995770373e+002 8.83609994254708e+013
3.01415036962715e+002 8.80209184888207e+013
3.01478070385720e+002 8.67343301715407e+013
3.01541096037536e+002 8.43280229506719e+013
3.01604113916316e+002 8.07350808149705e+013
3.01667124020209e+002 7.60570662683986e+013
3.01730126347367e+002 7.05946333538540e+013
3.01793120895941e+002 6.48536635639403e+013
3.01856107664080e+002 5.95292831915422e+013
3.01919086649937e+002 5.54475135827169e+013
3.01982057851662e+002 5.34228680425583e+013
3.02045021267405e+002 5.40144547271782e+013
3.02107976895317e+002 5.72512865292145e+013
3.02170924733550e+002 6.24898288279967e+013
3.02233864780254e+002 6.85589799655059e+013
3.02296797033579e+002 7.41982654709328e+013
3.02359721491677e+002 7.85916605523988e+013
3.02422638152699e+002 8.16980953926943e+013
3.02485547014794e+002 8.41718369433810e+013
3.02548448076115e+002 8.69032300513600e+013
3.02611341334811e+002 9.04431364332823e+013
3.02674226789034e+002 9.46529076153257e+013
3.02737104436934e+002 9.87875922958235e+013
3.02799974276662e+002 1.01950446251225e+014
3.02862836306369e+002 1.03627993411014e+014
3.02925690524206e+002 1.03981642804936e+014
3.02988536928323e+002 1.03745446919677e+014
3.03051375516872e+002 1.03824003541446e+014
3.03114206288002e+002 1.04836968133340e+014
3.03177029239866e+002 1.06845867297339e+014
3.03239844370613e+002 1.09363675186987e+014
3.03302651678394e+002 1.11585369007889e+014
3.03365451161361e+002 1.12687195822882e+014
3.03428242817664e+002 1.12069016661752e+014
3.03491026645453e+002 1.09508667932173e+014
3.03553802642880e+002 1.05250277284231e+014
3.03616570808096e+002 1.00007172130887e+014
3.03679331139251e+002 9.48031834431952e+013
3.03742083634495e+002 9.06276588258061e+013
3.03804828291981e+002 8.80403411568825e+013
3.03867565109858e+002 8.69738665539401e+013
3.03930294086278e+002 8.68921183549168e+013
3.03993015219390e+002 8.72115806458457e+013
3.04055728507347e+002 8.76920147574571e+013
3.04118433948298e+002 8.85287262558250e+013
3.04181131540395e+002 9.01049182360093e+013
3.04243821281788e+002 9.25990210672379e+013
3.04306503170628e+002 9.57160701500281e+013
3.04369177205066e+002 9.87037134021888e+013
3.04431843383253e+002 1.00634292593272e+014
3.04494501703339e+002 1.00807242522087e+014
3.04557152163475e+002 9.90910845241864e+013
3.04619794761813e+002 9.60539610892669e+013
3.04682429496502e+002 9.28046036876405e+013
3.04745056365694e+002 9.05860260899739e+013
3.04807675367540e+002 9.03002618167249e+013
3.04870286500190e+002 9.21966084468783e+013
3.04932889761794e+002 9.58553220899927e+013
3.04995485150505e+002 1.00409238685988e+014
3.05058072664472e+002 1.04833067006422e+014
3.05120652301847e+002 1.08179091126969e+014
3.05183224060779e+002 1.09753135789918e+014
3.05245787939421e+002 1.09253385819032e+014
3.05308343935923e+002 1.06823856409228e+014
3.05370892048435e+002 1.02941271755627e+014
3.05433432275108e+002 9.81554925866392e+013
3.05495964614094e+002 9.28526551552722e+013
3.05558489063542e+002 8.72292470037692e+013
3.05621005621604e+002 8.14995872909549e+013
3.05683514286431e+002 7.61512209183802e+013
3.05746015056173e+002 7.20058221607308e+013
3.05808507928981e+002 6.99870222988985e+013
3.05870992903006e+002 7.07129106921775e+013
3.05933469976399e+002 7.41505165672939e+013
3.05995939147310e+002 7.95269406120898e+013
3.06058400413891e+002 8.55454923522728e+013
3.06120853774291e+002 9.08061284578258e+013
3.06183299226663e+002 9.42459314373452e+013
3.06245736769156e+002 9.54190205070212e+013
3.06308166399921e+002 9.45182643601536e+013
3.06370588117110e+002 9.21702695187067e+013
3.06433001918873e+002 8.91467350978806e+013
3.06495407803360e+002 8.61566798479664e+013
3.06557805768723e+002 8.37912126752337e+013
3.06620195813113e+002 8.25533340725093e+013
3.06682577934680e+002 8.28404051432212e+013
3.06744952131574e+002 8.48188250248197e+013
3.06807318401948e+002 8.82713880488598e+013
3.06869676743951e+002 9.25688823539598e+013
3.06932027155734e+002 9.68460883213806e+013
3.06994369635449e+002 1.00310784387303e+014
3.07056704181245e+002 1.02513153884027e+014
3.07119030791274e+002 1.03430367140657e+014
3.07181349463687e+002 1.03348070486430e+014
3.07243660196634e+002 1.02648729588334e+014
3.07305962988266e+002 1.01655376224521e+014
3.07368257836734e+002 1.00605953019614e+014
3.07430544740189e+002 9.97121870880593e+013
3.07492823696781e+002 9.91936015041429e+013
3.07555094704661e+002 9.92263872139421e+013
3.07617357761981e+002 9.98511946036476e+013
3.07679612866890e+002 1.00929485712360e+014
3.07741860017540e+002 1.02182476144307e+014
3.07804099212082e+002 1.03268205863310e+014
3.07866330448665e+002 1.03848456392998e+014
3.07928553725442e+002 1.03658339642765e+014
3.07990769040562e+002 1.02616892652811e+014
3.08052976392177e+002 1.00953865420204e+014
3.08115175778438e+002 9.92458889646268e+013
3.08177367197495e+002 9.82636367363490e+013
3.08239550647498e+002 9.86492128472122e+013
3.08301726126600e+002 1.00577534475932e+014
3.08363893632950e+002 1.03597661254476e+014
3.08426053164699e+002 1.06765343703498e+014
3.08488204719998e+002 1.09019096464594e+014
3.08550348296999e+002 1.09613079276920e+014
3.08612483893851e+002 1.08383189264623e+014
3.08674611508706e+002 1.05715230219626e+014
3.08736731139714e+002 1.02255963968087e+014
3.08798842785026e+002 9.85536212631842e+013
3.08860946442793e+002 9.48400484825328e+013
3.08923042111165e+002 9.10595216462505e+013
3.08985129788294e+002 8.70888453174387e+013
3.09047209472331e+002 8.29876792312215e+013
3.09109281161425e+002 7.91210475838486e+013
3.09171344853728e+002 7.60813081689107e+013
3.09233400547391e+002 7.44427911112140e+013
3.09295448240565e+002 7.44657539547883e+013
3.09357487931399e+002 7.59056033943863e+013
3.09419519618046e+002 7.80526424762693e+013
3.09481543298655e+002 8.00107121190831e+013
3.09543558971378e+002 8.10675920953068e+013
3.09605566634366e+002 8.09329510708792e+013
3.09667566285768e+002 7.97104690749709e+013
3.09729557923737e+002 7.76780201256308e+013
3.09791541546422e+002 7.50971049561758e+013
3.09853517151975e+002 7.22210208980178e+013
3.09915484738546e+002 6.94646997611203e+013
3.09977444304287e+002 6.75296974310688e+013
3.10039395847347e+002 6.72993770526836e+013
3.10101339365878e+002 6.95067964770910e+013
3.10163274858031e+002 7.43669015050105e+013
3.10225202321955e+002 8.14085045494448e+013
3.10287121755803e+002 8.96211281541492e+013
3.10349033157725e+002 9.78425112645862e+013
3.10410936525872e+002 1.05178279375297e+014
3.10472831858394e+002 1.11240791467021e+014
3.10534719153442e+002 1.16111661704003e+014
3.10596598409168e+002 1.20093789402261e+014
3.10658469623721e+002 1.23425843627986e+014
3.10720332795253e+002 1.26128037209609e+014
3.10782187921914e+002 1.28047373188133e+014
3.10844035001855e+002 1.29041525818672e+014
3.10905874033228e+002 1.29159554289718e+014
3.10967705014182e+002 1.28689285625498e+014
3.11029527942869e+002 1.28036483811704e+014
3.11091342817439e+002 1.27518397787706e+014
3.11153149636044e+002 1.27212155250942e+014
3.11214948396833e+002 1.26952344988243e+014
3.11276739097959e+002 1.26457713935672e+014
3.11338521737570e+002 1.25478980812645e+014
3.11400296313820e+002 1.23870648693060e+014
3.11462062824857e+002 1.21579330089727e+014
3.11523821268833e+002 1.18615500615725e+014
3.11585571643899e+002 1.15064254828015e+014
3.11647313948206e+002 1.11119896526789e+014
3.11709048179903e+002 1.07086674096110e+014
3.11770774337143e+002 1.03319407255188e+014
3.11832492418076e+002 1.00140130718530e+014
3.11894202420852e+002 9.77878659598610e+013
3.11955904343623e+002 9.64199603292180e+013
3.12017598184540e+002 9.61306253318226e+013
3.12079283941752e+002 9.69376061399603e+013
3.12140961613411e+002 9.87231285570547e+013
3.12202631197668e+002 1.01171707720790e+014
3.12264292692673e+002 1.03779875177410e+014
3.12325946096577e+002 1.05985791658670e+014
3.12387591407532e+002 1.07382912276784e+014
3.12449228623687e+002 1.07898305047408e+014
3.12510857743194e+002 1.07810841656072e+014
3.12572478764203e+002 1.07581829227823e+014
3.12634091684865e+002 1.07601242124048e+014
3.12695696503332e+002 1.08007407231084e+014
3.12757293217753e+002 1.08672897200058e+014
3.12818881826279e+002 1.09327717011117e+014
3.12880462327062e+002 1.09715419258576e+014
3.12942034718253e+002 1.09692517756532e+014
3.13003598998001e+002 1.09247570057085e+014
3.13065155164458e+002 1.08469767980653e+014
3.13126703215774e+002 1.07509022835074e+014
3.13188243150101e+002 1.06551547957433e+014
3.13249774965588e+002 1.05809676412484e+014
3.13311298660388e+002 1.05508967382468e+014
3.13372814232650e+002 1.05858250166608e+014
3.13434321680526e+002 1.07005576460645e+014
3.13495821002166e+002 1.08997665434944e+014
3.13557312195721e+002 1.11757107456752e+014
3.13618795259342e+002 1.15077475043279e+014
3.13680270191180e+002 1.18632974870837e+014
3.13741736989385e+002 1.22009729560189e+014
3.13803195652108e+002 1.24766121435682e+014
3.13864646177501e+002 1.26504185262841e+014
3.13926088563713e+002 1.26909524795211e+014
3.13987522808895e+002 1.25737840262832e+014
3.14048948911199e+002 1.22790198223333e+014
3.14110366868776e+002 1.17960549066400e+014
3.14171776679775e+002 1.11391916870017e+014
3.14233178342348e+002 1.03659939940254e+014
3.14294571854645e+002 9.58188831606294e+013
3.14355957214818e+002 8.91935857173671e+013
3.14417334421017e+002 8.49683448273293e+013
3.14478703471393e+002 8.37819875124549e+013
3.14540064364097e+002 8.55517288559977e+013
3.14601417097279e+002 8.95995214367143e+013
3.14662761669091e+002 9.49650102206427e+013
3.14724098077682e+002 1.00709323868445e+014
3.14785426321205e+002 1.06086447095434e+014
3.14846746397809e+002 1.10590533894322e+014
3.14908058305646e+002 1.13953655990416e+014
3.14969362042866e+002 1.16135956483378e+014
3.15030657607620e+002 1.17289946587124e+014
3.15091944998058e+002 1.17671933199255e+014
3.15153224212333e+002 1.17518546445340e+014
3.15214495248594e+002 1.16945122379015e+014
3.15275758104992e+002 1.15911491385595e+014
3.15337012779678e+002 1.14255698442075e+014
3.15398259270803e+002 1.11764559647218e+014
3.15459497576518e+002 1.08254722915377e+014
3.15520727694972e+002 1.03657989336086e+014
3.15581949624319e+002 9.81049457665391e+013
3.15643163362707e+002 9.19763070512280e+013
3.15704368908288e+002 8.58758207433835e+013
3.15765566259212e+002 8.05066518850147e+013
3.15826755413631e+002 7.64942429507953e+013
3.15887936369695e+002 7.42398055773884e+013
3.15949109125554e+002 7.38678101451956e+013
3.16010273679361e+002 7.52632646318041e+013
3.16071430029265e+002 7.81405314209822e+013
3.16132578173417e+002 8.20916942770672e+013
3.16193718109969e+002 8.66162826378803e+013
3.16254849837070e+002 9.11757236869409e+013
3.16315973352872e+002 9.52985615463993e+013
3.16377088655526e+002 9.87016460145548e+013
3.16438195743182e+002 1.01352296004574e+014
3.16499294613990e+002 1.03424800091071e+014
3.16560385266103e+002 1.05182241861232e+014
3.16621467697670e+002 1.06870962717521e+014
3.16682541906843e+002 1.08695273564827e+014
3.16743607891772e+002 1.10858818705323e+014
3.16804665650608e+002 1.13589961155257e+014
3.16865715181502e+002 1.17078911714613e+014
3.16926756482604e+002 1.21340496413833e+014
3.16987789552066e+002 1.26102122822515e+014
3.17048814388038e+002 1.30821464106807e+014
3.17109830988671e+002 1.34854681264948e+014
3.17170839352115e+002 1.37693513478267e+014
3.17231839476523e+002 1.39146548821319e+014
3.17292831360043e+002 1.39375494025354e+014
3.17353815000828e+002 1.38772313853519e+014
3.17414790397028e+002 1.37732374584800e+014
3.17475757546793e+002 1.36423414208221e+014
3.17536716448275e+002 1.34663727704412e+014
3.17597667099624e+002 1.31989850970214e+014
3.17658609498991e+002 1.27905893432111e+014
3.17719543644527e+002 1.22198003751798e+014
3.17780469534383e+002 1.15142086287472e+014
3.17841387166710e+002 1.07484128328221e+014
3.17902296539657e+002 1.00204950795046e+014
3.17963197651377e+002 9.42024005885677e+013
3.18024090500019e+002 9.00512464820651e+013
3.18084975083735e+002 8.79284927081844e+013
3.18145851400676e+002 8.76860796344778e+013
3.18206719448992e+002 8.89891893628315e+013
3.18267579226834e+002 9.14423644329763e+013
3.18328430732352e+002 9.46693452191990e+013
3.18389273963698e+002 9.83529235790465e+013
3.18450108919023e+002 1.02255505211517e+014
3.18510935596477e+002 1.06231352242808e+014
3.18571753994210e+002 1.10220882724946e+014
3.18632564110375e+002 1.14203488756757e+014
3.18693365943121e+002 1.18097161230275e+014
3.18754159490599e+002 1.21636959092084e+014
3.18814944750961e+002 1.24314286707866e+014
3.18875721722356e+002 1.25464317495413e+014
3.18936490402936e+002 1.24518025531328e+014
3.18997250790852e+002 1.21319216036891e+014
3.19058002884254e+002 1.16330052480991e+014
3.19118746681293e+002 1.10581478637116e+014
3.19179482180120e+002 1.05359661785917e+014
3.19240209378886e+002 1.01770677704178e+014
3.19300928275741e+002 1.00395343084208e+014
3.19361638868836e+002 1.01192980610574e+014
3.19422341156323e+002 1.03672534510693e+014
3.19483035136351e+002 1.07205749620182e+014
3.19543720807072e+002 1.11293038290909e+014
3.19604398166636e+002 1.15645203999431e+014
3.19665067213195e+002 1.20080577031574e+014
3.19725727944898e+002 1.24367063441331e+014
3.19786380359898e+002 1.28168204163088e+014
3.19847024456344e+002 1.31155447758213e+014
3.19907660232387e+002 1.33200553770112e+014
3.19968287686179e+002 1.34487321138596e+014
3.20028906815869e+002 1.35445306670041e+014
3.20089517619609e+002 1.36548997535364e+014
3.20150120095550e+002 1.38116157896150e+014
3.20210714241842e+002 1.40211913645098e+014
3.20271300056637e+002 1.42670933834123e+014
3.20331877538084e+002 1.45183405849934e+014
3.20392446684335e+002 1.47387447065017e+014
3.20453007493540e+002 1.48937515173135e+014
3.20513559963851e+002 1.49539427782121e+014
3.20574104093418e+002 1.48958399968295e+014
3.20634639880392e+002 1.47024206065670e+014
3.20695167322923e+002 1.43660887798282e+014
3.20755686419163e+002 1.38941528470667e+014
3.20816197167262e+002 1.33131381638846e+014
3.20876699565371e+002 1.26675223633550e+014
3.20937193611641e+002 1.20118814672302e+014
3.20997679304223e+002 1.13998378776722e+014
3.21058156641267e+002 1.08748451142326e+014
3.21118625620925e+002 1.04660614694052e+014
3.21179086241346e+002 1.01893699276358e+014
3.21239538500682e+002 1.00510577003810e+014
3.21299982397084e+002 1.00508171632832e+014
3.21360417928702e+002 1.01820586275935e+014
3.21420845093687e+002 1.04305341048890e+014
3.21481263890191e+002 1.07745332143003e+014
3.21541674316363e+002 1.11886196453242e+014
3.21602076370354e+002 1.16485539065692e+014
3.21662470050316e+002 1.21323470969384e+014
3.21722855354399e+002 1.26152440286511e+014
3.21783232280754e+002 1.30628070628922e+014
3.21843600827532e+002 1.34297129444528e+014
3.21903960992883e+002 1.36686343591416e+014
3.21964312774959e+002 1.37464687337724e+014
3.22024656171909e+002 1.36598126857560e+014
3.22084991181886e+002 1.34408458143865e+014
3.22145317803039e+002 1.31483479314667e+014
3.22205636033520e+002 1.28454197808493e+014
3.22265945871479e+002 1.25736214080967e+014
3.22326247315067e+002 1.23376925457497e+014
3.22386540362434e+002 1.21103931989060e+014
3.22446825011733e+002 1.18543787789897e+014
3.22507101261113e+002 1.15468173526463e+014
3.22567369108725e+002 1.11922631534670e+014
3.22627628552720e+002 1.08198297576352e+014
3.22687879591249e+002 1.04718074877459e+014
3.22748122222462e+002 1.01930741518347e+014
3.22808356444511e+002 1.00243218577176e+014
3.22868582255546e+002 9.99560658521158e+013
3.22928799653718e+002 1.01168707146454e+014
3.22989008637178e+002 1.03679414227189e+014
3.23049209204076e+002 1.06955459367852e+014
3.23109401352564e+002 1.10237205825032e+014
3.23169585080792e+002 1.12767524821334e+014
3.23229760386911e+002 1.14054778177973e+014
3.23289927269071e+002 1.14043229026090e+014
3.23350085725424e+002 1.13106675290031e+014
3.23410235754120e+002 1.11874906483246e+014
3.23470377353311e+002 1.10987237826569e+014
3.23530510521146e+002 1.10889815489778e+014
3.23590635255777e+002 1.11748989339654e+014
3.23650751555354e+002 1.13483706571595e+014
3.23710859418029e+002 1.15870862863339e+014
3.23770958841952e+002 1.18661684761372e+014
3.23831049825273e+002 1.21654592920704e+014
3.23891132366144e+002 1.24697080653799e+014
3.23951206462716e+002 1.27636095423340e+014
3.24011272113139e+002 1.30279131153450e+014
3.24071329315564e+002 1.32424091820548e+014
3.24131378068141e+002 1.33954450971391e+014
3.24191418369022e+002 1.34926747750467e+014
3.24251450216358e+002 1.35565853451032e+014
3.24311473608299e+002 1.36144441160024e+014
3.24371488542996e+002 1.36808506057006e+014
3.24431495018599e+002 1.37457405075062e+014
3.24491493033260e+002 1.37764283425954e+014
3.24551482585130e+002 1.37343750608314e+014
3.24611463672358e+002 1.35982296207647e+014
3.24671436293097e+002 1.33799257902893e+014
3.24731400445496e+002 1.31239902336174e+014
3.24791356127707e+002 1.28903136753067e+014
3.24851303337879e+002 1.27306953866299e+014
3.24911242074166e+002 1.26722934500065e+014
3.24971172334716e+002 1.27152067230535e+014
3.25031094117680e+002 1.28421500668624e+014
3.25091007421210e+002 1.30325320569980e+014
3.25150912243457e+002 1.32735976681411e+014
3.25210808582570e+002 1.35647523059272e+014
3.25270696436701e+002 1.39141799553837e+014
3.25330575804001e+002 1.43290816244822e+014
3.25390446682621e+002 1.48037856028347e+014
3.25450309070710e+002 1.53128087828259e+014
3.25510162966421e+002 1.58150018206982e+014
3.25570008367903e+002 1.62682890771774e+014
3.25629845273308e+002 1.66462394188384e+014
3.25689673680786e+002 1.69452147215276e+014
3.25749493588489e+002 1.71774552222817e+014
3.25809304994566e+002 1.73561083195623e+014
3.25869107897170e+002 1.74837479796183e+014
3.25928902294449e+002 1.75518435010475e+014
3.25988688184556e+002 1.75491476353454e+014
3.26048465565642e+002 1.74707184535407e+014
3.26108234435856e+002 1.73211811291240e+014
3.26167994793350e+002 1.71129543391344e+014
3.26227746636274e+002 1.68650142529594e+014
3.26287489962780e+002 1.66055244813284e+014
3.26347224771018e+002 1.63747952773250e+014
3.26406951059138e+002 1.62210443347922e+014
3.26466668825293e+002 1.61854870177805e+014
3.26526378067631e+002 1.62826830986066e+014
3.26586078784305e+002 1.64882901308674e+014
3.26645770973466e+002 1.67432465732356e+014
3.26705454633263e+002 1.69732286976801e+014
3.26765129761847e+002 1.71134384944981e+014
3.26824796357370e+002 1.71277244730123e+014
3.26884454417982e+002 1.70165316161927e+014
3.26944103941835e+002 1.68141244215156e+014
3.27003744927078e+002 1.65777803783408e+014
3.27063377371862e+002 1.63713890957266e+014
3.27123001274339e+002 1.62465805798242e+014
3.27182616632660e+002 1.62268446459744e+014
3.27242223444974e+002 1.63010523522125e+014
3.27301821709433e+002 1.64295606437913e+014
3.27361411424187e+002 1.65600333180573e+014
3.27420992587388e+002 1.66456978170987e+014
3.27480565197186e+002 1.66588534233549e+014
3.27540129251732e+002 1.65958731957686e+014
3.27599684749176e+002 1.64737512859538e+014
3.27659231687670e+002 1.63209430119839e+014
3.27718770065365e+002 1.61667557751150e+014
3.27778299880410e+002 1.60334464477873e+014
3.27837821130958e+002 1.59330097357446e+014
3.27897333815158e+002 1.58677323848376e+014
3.27956837931161e+002 1.58324133012120e+014
3.28016333477119e+002 1.58172051493755e+014
3.28075820451182e+002 1.58109603967646e+014
3.28135298851500e+002 1.58039374078349e+014
3.28194768676226e+002 1.57874781583277e+014
3.28254229923508e+002 1.57500141842415e+014
3.28313682591499e+002 1.56732599666891e+014
3.28373126678349e+002 1.55350620035881e+014
3.28432562182209e+002 1.53219080646917e+014
3.28491989101229e+002 1.50460407667631e+014
3.28551407433561e+002 1.47559410492175e+014
3.28610817177355e+002 1.45303046241891e+014
3.28670218330761e+002 1.44543967965824e+014
3.28729610891932e+002 1.45882073719080e+014
3.28788994859017e+002 1.49414422408587e+014
3.28848370230168e+002 1.54677736277982e+014
3.28907737003534e+002 1.60815152119762e+014
3.28967095177268e+002 1.66889736535421e+014
3.29026444749519e+002 1.72197368338166e+014
3.29085785718439e+002 1.76437268014705e+014
3.29145118082178e+002 1.79679048379596e+014
3.29204441838887e+002 1.82177852452029e+014
3.29263756986717e+002 1.84166617672556e+014
3.29323063523819e+002 1.85746876802336e+014
3.29382361448343e+002 1.86914800794481e+014
3.29441650758440e+002 1.87663139681623e+014
3.29500931452262e+002 1.88064460305283e+014
3.29560203527958e+002 1.88283372567714e+014
3.29619466983680e+002 1.88533767203319e+014
3.29678721817578e+002 1.89024478701827e+014
3.29737968027804e+002 1.89908643945202e+014
3.29797205612507e+002 1.91218099266060e+014
3.29856434569840e+002 1.92779458517243e+014
3.29915654897952e+002 1.94165502075840e+014
3.29974866594994e+002 1.94764109872671e+014
3.30034069659117e+002 1.93989261263937e+014
3.30093264088473e+002 1.91542217458436e+014
3.30152449881211e+002 1.87558699331179e+014
3.30211627035483e+002 1.82532931830560e+014
3.30270795549439e+002 1.77066068409203e+014
3.30329955421230e+002 1.71619244229381e+014
3.30389106649007e+002 1.66443640207360e+014
3.30448249230921e+002 1.61711890463768e+014
3.30507383165123e+002 1.57708945451750e+014
3.30566508449762e+002 1.54894175358314e+014
3.30625625082991e+002 1.53755252364445e+014
3.30684733062960e+002 1.54544334154286e+014
3.30743832387819e+002 1.57080360577827e+014
3.30802923055720e+002 1.60751793843248e+014
3.30862005064813e+002 1.64713733541017e+014
3.30921078413249e+002 1.68156319860189e+014
3.30980143099179e+002 1.70505959797244e+014
3.31039199120754e+002 1.71495724578629e+014
3.31098246476124e+002 1.71132564813858e+014
3.31157285163440e+002 1.69630617448590e+014
3.31216315180853e+002 1.67359560302532e+014
3.31275336526514e+002 1.64809158107581e+014
3.31334349198574e+002 1.62538718137873e+014
3.31393353195183e+002 1.61084195525082e+014
3.31452348514492e+002 1.60829474426340e+014
3.31511335154652e+002 1.61886828895653e+014
3.31570313113814e+002 1.64045818288246e+014
3.31629282390128e+002 1.66825065514713e+014
3.31688242981746e+002 1.69610251290559e+014
3.31747194886818e+002 1.71818325383900e+014
3.31806138103495e+002 1.73021400185730e+014
3.31865072629927e+002 1.72995625305005e+014
3.31923998464266e+002 1.71706893853913e+014
3.31982915604662e+002 1.69277328589355e+014
3.32041824049267e+002 1.65975262889540e+014
3.32100723796230e+002 1.62235594528044e+014
3.32159614843703e+002 1.58667775806869e+014
3.32218497189836e+002 1.55984669455775e+014
3.32277370832781e+002 1.54819642296450e+014
3.32336235770688e+002 1.55482266911962e+014
3.32395092001707e+002 1.57776529628282e+014
3.32453939523990e+002 1.61004020909764e+014
3.32512778335688e+002 1.64184302195806e+014
3.32571608434951e+002 1.66402313479512e+014
3.32630429819930e+002 1.67122991521474e+014
3.32689242488775e+002 1.66340500365655e+014
3.32748046439638e+002 1.64524527082587e+014
3.32806841670670e+002 1.62417609369337e+014
3.32865628180021e+002 1.60775699279402e+014
3.32924405965842e+002 1.60134152972489e+014
3.32983175026283e+002 1.60656573908968e+014
3.33041935359496e+002 1.62100514340106e+014
3.33100686963631e+002 1.63903474747977e+014
3.33159429836840e+002 1.65353807594426e+014
3.33218163977272e+002 1.65786610703089e+014
3.33276889383079e+002 1.64753572806236e+014
3.33335606052412e+002 1.62143408961910e+014
3.33394313983421e+002 1.58242463360062e+014
3.33453013174257e+002 1.53713830730709e+014
3.33511703623071e+002 1.49466628419309e+014
3.33570385328013e+002 1.46417482989507e+014
3.33629058287235e+002 1.45208832871592e+014
3.33687722498888e+002 1.45997895245320e+014
3.33746377961121e+002 1.48418877428858e+014
3.33805024672086e+002 1.51743374922308e+014
3.33863662629934e+002 1.55165323818498e+014
3.33922291832815e+002 1.58080905020900e+014
3.33980912278880e+002 1.60252150479986e+014
3.34039523966281e+002 1.61812809427813e+014
3.34098126893167e+002 1.63144491923265e+014
3.34156721057690e+002 1.64686398500901e+014
3.34215306458000e+002 1.66746349531965e+014
3.34273883092248e+002 1.69371630075216e+014
3.34332450958586e+002 1.72318400532883e+014
3.34391010055163e+002 1.75122048367397e+014
3.34449560380130e+002 1.77228669794793e+014
3.34508101931639e+002 1.78129964083501e+014
3.34566634707840e+002 1.77467330230188e+014
3.34625158706884e+002 1.75112937385804e+014
3.34683673926922e+002 1.71249678883855e+014
3.34742180366104e+002 1.66436295500556e+014
3.34800678022582e+002 1.61590870159858e+014
3.34859166894505e+002 1.57819708296293e+014
3.34917646980026e+002 1.56094762102287e+014
3.34976118277294e+002 1.56901311699828e+014
3.35034580784460e+002 1.60042414213750e+014
3.35093034499676e+002 1.64726347777151e+014
3.35151479421092e+002 1.69903602966129e+014
3.35209915546859e+002 1.74671709747571e+014
3.35268342875127e+002 1.78534398571888e+014
3.35326761404048e+002 1.81401710452903e+014
3.35385171131772e+002 1.83373035224623e+014
3.35443572056450e+002 1.84455377724660e+014
3.35501964176233e+002 1.84380719258179e+014
3.35560347489271e+002 1.82613402639727e+014
3.35618721993716e+002 1.78536879958079e+014
3.35677087687718e+002 1.71733351209496e+014
3.35735444569428e+002 1.62243929352796e+014
3.35793792636996e+002 1.50714179260305e+014
3.35852131888574e+002 1.38371347042187e+014
3.35910462322313e+002 1.26829945485455e+014
3.35968783936363e+002 1.17770569825752e+014
3.36027096728874e+002 1.12571869856903e+014
3.36085400697998e+002 1.11989219668451e+014
3.36143695841886e+002 1.15964167382191e+014
3.36201982158688e+002 1.23618838656595e+014
3.36260259646555e+002 1.33442336816148e+014
3.36318528303638e+002 1.43620907685428e+014
3.36376788128088e+002 1.52420209948235e+014
3.36435039118055e+002 1.58517551078966e+014
3.36493281271691e+002 1.61208202363057e+014
3.36551514587145e+002 1.60455498270705e+014
3.36609739062569e+002 1.56797386107179e+014
3.36667954696114e+002 1.51151835796409e+014
3.36726161485931e+002 1.44579396153848e+014
3.36784359430169e+002 1.38063002693383e+014
3.36842548526981e+002 1.32352616154351e+014
3.36900728774516e+002 1.27900357093524e+014
3.36958900170926e+002 1.24888334474199e+014
3.37017062714361e+002 1.23328959653238e+014
3.37075216402973e+002 1.23194789187122e+014
3.37133361234911e+002 1.24518280022863e+014
3.37191497208327e+002 1.27408040456447e+014
3.37249624321372e+002 1.31966368817299e+014
3.37307742572196e+002 1.38146341335963e+014
3.37365851958950e+002 1.45621155612262e+014
3.37423952479785e+002 1.53732285976405e+014
3.37482044132852e+002 1.61545615921549e+014
3.37540126916301e+002 1.68003433346114e+014
3.37598200828284e+002 1.72134590571295e+014
3.37656265866951e+002 1.73276212415084e+014
3.37714322030452e+002 1.71259019364508e+014
3.37772369316939e+002 1.66508130529936e+014
3.37830407724563e+002 1.60014505341485e+014
3.37888437251474e+002 1.53150080363698e+014
3.37946457895823e+002 1.47344098068063e+014
3.38004469655761e+002 1.43705023106484e+014
3.38062472529438e+002 1.42727927496673e+014
3.38120466515006e+002 1.44220379158208e+014
3.38178451610615e+002 1.47486447120598e+014
3.38236427814416e+002 1.51670364896737e+014
3.38294395124560e+002 1.56072167300044e+014
3.38352353539198e+002 1.60279399187592e+014
3.38410303056479e+002 1.64094193809455e+014
3.38468243674556e+002 1.67372965614266e+014
3.38526175391579e+002 1.69934471881192e+014
3.38584098205699e+002 1.71609230566610e+014
3.38642012115066e+002 1.72370177370444e+014
3.38699917117832e+002 1.72406039788120e+014
3.38757813212147e+002 1.72036533501311e+014
3.38815700396161e+002 1.71496094860341e+014
3.38873578668027e+002 1.70733474259935e+014
3.38931448025893e+002 1.69389919521416e+014
3.38989308467913e+002 1.67007632520700e+014
3.39047159992235e+002 1.63360924173042e+014
3.39105002597011e+002 1.58712211887311e+014
3.39162836280392e+002 1.53836098824063e+014
3.39220661040528e+002 1.49791366946963e+014
3.39278476875570e+002 1.47557830596370e+014
3.39336283783670e+002 1.47713300785411e+014
3.39394081762977e+002 1.50286801860241e+014
3.39451870811643e+002 1.54824677208170e+014
3.39509650927818e+002 1.60606252642118e+014
3.39567422109654e+002 1.66894135073398e+014
3.39625184355301e+002 1.73116063504674e+014
3.39682937662909e+002 1.78929077001997e+014
3.39740682030630e+002 1.84174911673836e+014
3.39798417456614e+002 1.88772538434436e+014
3.39856143939013e+002 1.92607429915608e+014
3.39913861475976e+002 1.95474072679921e+014
3.39971570065655e+002 1.97106689807769e+014
3.40029269706201e+002 1.97289228021413e+014
3.40086960395764e+002 1.95984888503204e+014
3.40144642132496e+002 1.93404175655144e+014
3.40202314914546e+002 1.89963338154768e+014
3.40259978740065e+002 1.86153185732103e+014
3.40317633607206e+002 1.82390155166593e+014
3.40375279514117e+002 1.78921319058481e+014
3.40432916458951e+002 1.75813694240917e+014
3.40490544439858e+002 1.73014182284781e+014
3.40548163454988e+002 1.70444165820387e+014
3.40605773502493e+002 1.68088879814456e+014
3.40663374580523e+002 1.66045911803568e+014
3.40720966687229e+002 1.64510165955177e+014
3.40778549820761e+002 1.63696776828590e+014
3.40836123979272e+002 1.63729127111062e+014
3.40893689160911e+002 1.64532250998160e+014
3.40951245363829e+002 1.65771414323117e+014
3.41008792586177e+002 1.66870592808176e+014
3.41066330826106e+002 1.67134788901627e+014
3.41123860081766e+002 1.65968976015507e+014
3.41181380351309e+002 1.63131887218527e+014
3.41238891632885e+002 1.58914436155619e+014
3.41296393924645e+002 1.54135672596636e+014
3.41353887224740e+002 1.49922363580095e+014
3.41411371531320e+002 1.47348508722285e+014
3.41468846842537e+002 1.47091744679650e+014
3.41526313156540e+002 1.49260119871739e+014
3.41583770471482e+002 1.53451189265400e+014
3.41641218785512e+002 1.58979093218307e+014
3.41698658096782e+002 1.65123654841364e+014
3.41756088403442e+002 1.71270787422450e+014
3.41813509703643e+002 1.76910751580431e+014
3.41870921995536e+002 1.81566464597301e+014
3.41928325277272e+002 1.84762521239937e+014
3.41985719547001e+002 1.86097543055150e+014
3.42043104802875e+002 1.85393838764420e+014
3.42100481043043e+002 1.82835241191781e+014
3.42157848265657e+002 1.79001218403096e+014
3.42215206468868e+002 1.74753425412773e+014
3.42272555650827e+002 1.70999548071406e+014
3.42329895809683e+002 1.68420897384869e+014
3.42387226943589e+002 1.67281379554073e+014
3.42444549050694e+002 1.67414003667541e+014
3.42501862129150e+002 1.68400513468370e+014
3.42559166177107e+002 1.69852108192711e+014
3.42616461192717e+002 1.71630683595397e+014
3.42673747174129e+002 1.73876174953456e+014
3.42731024119495e+002 1.76820928192989e+014
3.42788292026966e+002 1.80504967368873e+014
3.42845550894692e+002 1.84569845455498e+014
3.42902800720824e+002 1.88265139479574e+014
3.42960041503513e+002 1.90683139371448e+014
3.43017273240910e+002 1.91116731915264e+014
3.43074495931166e+002 1.89375134300561e+014
3.43131709572430e+002 1.85912079283007e+014
3.43188914162855e+002 1.81701497122687e+014
3.43246109700590e+002 1.77899147042110e+014
3.43303296183788e+002 1.75418383936397e+014
3.43360473610597e+002 1.74592733196178e+014
3.43417641979170e+002 1.75071665612929e+014
3.43474801287657e+002 1.75994671591193e+014
3.43531951534209e+002 1.76351506450734e+014
3.43589092716976e+002 1.75341539612284e+014
3.43646224834110e+002 1.72560579988531e+014
3.43703347883761e+002 1.67966688763614e+014
3.43760461864080e+002 1.61722518797898e+014
3.43817566773218e+002 1.54073873780868e+014
3.43874662609325e+002 1.45359233240954e+014
3.43931749370553e+002 1.36110100403666e+014
3.43988827055052e+002 1.27109237226134e+014
3.44045895660973e+002 1.19298381422872e+014
3.44102955186466e+002 1.13545360754867e+014
3.44160005629683e+002 1.10392320212278e+014
3.44217046988775e+002 1.09922936984760e+014
3.44274079261892e+002 1.11804176121780e+014
3.44331102447184e+002 1.15453940447538e+014
3.44388116542803e+002 1.20238421665750e+014
3.44445121546900e+002 1.25625219726247e+014
3.44502117457625e+002 1.31265155056299e+014
3.44559104273129e+002 1.37003916829565e+014
3.44616081991563e+002 1.42832585077727e+014
3.44673050611078e+002 1.48794719842191e+014
3.44730010129824e+002 1.54882209738721e+014
3.44786960545952e+002 1.60956798197645e+014
3.44843901857614e+002 1.66721538778801e+014
3.44900834062959e+002 1.71750695221451e+014
3.44957757160139e+002 1.75581217794715e+014
3.45014671147304e+002 1.77861943960745e+014
3.45071576022605e+002 1.78525844747209e+014
3.45128471784194e+002 1.77903949263765e+014
3.45185358430220e+002 1.76685118028069e+014
3.45242235958835e+002 1.75686308481131e+014
3.45299104368189e+002 1.75514188375177e+014
3.45355963656433e+002 1.76288652102000e+014
3.45412813821719e+002 1.77583523084139e+014
3.45469654862196e+002 1.78618567536568e+014
3.45526486776015e+002 1.78593952171863e+014
3.45583309561328e+002 1.76993025310877e+014
3.45640123216285e+002 1.73725861501511e+014
3.45696927739037e+002 1.69094313689894e+014
3.45753723127735e+002 1.63648450119572e+014
3.45810509380529e+002 1.58028662754089e+014
3.45867286495570e+002 1.52856736643128e+014
3.45924054471010e+002 1.48688374577346e+014
3.45980813304998e+002 1.45998111126741e+014
3.46037562995686e+002 1.45150341034817e+014
3.46094303541225e+002 1.46324947437142e+014
3.46151034939765e+002 1.49410096962096e+014
3.46207757189456e+002 1.53925460294021e+014
3.46264470288451e+002 1.59058359662790e+014
3.46321174234899e+002 1.63855817911415e+014
3.46377869026952e+002 1.67528039809173e+014
3.46434554662760e+002 1.69734547895514e+014
3.46491231140474e+002 1.70704163315487e+014
3.46547898458244e+002 1.71111397061649e+014
3.46604556614222e+002 1.71760765887285e+014
3.46661205606559e+002 1.73236593061055e+014
3.46717845433405e+002 1.75686491385178e+014
3.46774476092911e+002 1.78815231567549e+014
3.46831097583227e+002 1.82041260902359e+014
3.46887709902505e+002 1.84700367445100e+014
3.46944313048895e+002 1.86204487659332e+014
3.47000907020549e+002 1.86133961979897e+014
3.47057491815616e+002 1.84286512225377e+014
3.47114067432248e+002 1.80698296599811e+014
3.47170633868596e+002 1.75626541725208e+014
3.47227191122810e+002 1.69486453249517e+014
3.47283739193041e+002 1.62769309116572e+014
3.47340278077439e+002 1.55990912345895e+014
3.47396807774157e+002 1.49694726605899e+014
3.47453328281344e+002 1.44477368186227e+014
3.47509839597151e+002 1.40968154622461e+014
3.47566341719729e+002 1.39717219468848e+014
3.47622834647229e+002 1.41015951004958e+014
3.47679318377802e+002 1.44737280971779e+014
3.47735792909598e+002 1.50292647412388e+014
3.47792258240768e+002 1.56747860216096e+014
3.47848714369463e+002 1.63056838013284e+014
3.47905161293834e+002 1.68313977909204e+014
3.47961599012032e+002 1.71927814971663e+014
3.48018027522207e+002 1.73673921054073e+014
3.48074446822510e+002 1.73652159881475e+014
3.48130856911092e+002 1.72207680418397e+014
3.48187257786104e+002 1.69860805871484e+014
3.48243649445696e+002 1.67249769305249e+014
3.48300031888020e+002 1.65059314266733e+014
3.48356405111226e+002 1.63909863046003e+014
3.48412769113465e+002 1.64210627837629e+014
3.48469123892887e+002 1.66014063350240e+014
3.48525469447644e+002 1.68929936800566e+014
3.48581805775886e+002 1.72156019561654e+014
3.48638132875765e+002 1.74654217811643e+014
3.48694450745430e+002 1.75446187781005e+014
3.48750759383033e+002 1.73937835404732e+014
3.48807058786724e+002 1.70143910752872e+014
3.48863348954654e+002 1.64707082749270e+014
3.48919629884975e+002 1.58691856307919e+014
3.48975901575836e+002 1.53239366077663e+014
3.49032164025389e+002 1.49231945699522e+014
3.49088417231785e+002 1.47097638580978e+014
3.49144661193173e+002 1.46797839081576e+014
3.49200895907706e+002 1.47944791844932e+014
3.49257121373533e+002 1.49953957478967e+014
3.49313337588806e+002 1.52170479948413e+014
3.49369544551676e+002 1.53977973883601e+014
3.49425742260292e+002 1.54931318173953e+014
3.49481930712807e+002 1.54917674184435e+014
3.49538109907370e+002 1.54276652591336e+014
3.49594279842133e+002 1.53776462730243e+014
3.49650440515246e+002 1.54393805746680e+014
3.49706591924860e+002 1.56956138893222e+014
3.49762734069126e+002 1.61800638754902e+014
3.49818866946195e+002 1.68616973420751e+014
3.49874990554217e+002 1.76556526368929e+014
3.49931104891344e+002 1.84555045441790e+014
3.49987209955725e+002 1.91706801218087e+014
3.50043305745513e+002 1.97509794559467e+014
3.50099392258857e+002 2.01883405380701e+014
3.50155469493909e+002 2.04991576261581e+014
3.50211537448819e+002 2.07007173068941e+014
3.50267596121738e+002 2.07968701266596e+014
3.50323645510816e+002 2.07805778702380e+014
3.50379685614206e+002 2.06494426097122e+014
3.50435716430057e+002 2.04218832551692e+014
3.50491737956520e+002 2.01413668783578e+014
3.50547750191746e+002 1.98639781538041e+014
3.50603753133885e+002 1.96354668654460e+014
3.50659746781090e+002 1.94708570112037e+014
3.50715731131509e+002 1.93485540995364e+014
3.50771706183295e+002 1.92225814330104e+014
3.50827671934598e+002 1.90461920261197e+014
3.50883628383569e+002 1.87937424918032e+014
3.50939575528358e+002 1.84691679656366e+014
3.50995513367116e+002 1.80979631210218e+014
3.51051441897995e+002 1.77100338251681e+014
3.51107361119144e+002 1.73262435967232e+014
3.51163271028715e+002 1.69580451917432e+014
3.51219171624859e+002 1.66195636699115e+014
3.51275062905726e+002 1.63420201274741e+014
3.51330944869467e+002 1.61780972851895e+014
3.51386817514233e+002 1.61900362645660e+014
3.51442680838174e+002 1.64253880621318e+014
3.51498534839442e+002 1.68918827123664e+014
3.51554379516188e+002 1.75437464170653e+014
3.51610214866561e+002 1.82863061752830e+014
3.51666040888713e+002 1.89974726418675e+014
3.51721857580795e+002 1.95579675008912e+014
3.51777664940957e+002 1.98796609544951e+014
3.51833462967350e+002 1.99232846022095e+014
3.51889251658125e+002 1.97013299136650e+014
3.51945031011433e+002 1.92669064983949e+014
3.52000801025425e+002 1.86932551416070e+014
3.52056561698251e+002 1.80510045713421e+014
3.52112313028062e+002 1.73908784180849e+014
3.52168055013010e+002 1.67378462519660e+014
3.52223787651243e+002 1.60983669060856e+014
3.52279510940915e+002 1.54765965480337e+014
3.52335224880175e+002 1.48911374531166e+014
3.52390929467173e+002 1.43838036352749e+014
3.52446624700062e+002 1.40160706598981e+014
3.52502310576992e+002 1.38545456038063e+014
3.52557987096113e+002 1.39507674688528e+014
3.52613654255576e+002 1.43219661299346e+014
3.52669312053532e+002 1.49390489671542e+014
3.52724960488132e+002 1.57266799998888e+014
3.52780599557527e+002 1.65772074352234e+014
3.52836229259868e+002 1.73752361178744e+014
3.52891849593304e+002 1.80249761766535e+014
3.52947460555988e+002 1.84713111063766e+014
3.53003062146069e+002 1.87087609510109e+014
3.53058654361699e+002 1.87775878980635e+014
3.53114237201029e+002 1.87497073871284e+014
3.53169810662208e+002 1.87079612956098e+014
3.53225374743389e+002 1.87227692965044e+014
3.53280929442721e+002 1.88319396756926e+014
3.53336474758356e+002 1.90310239553852e+014
3.53392010688445e+002 1.92796510846669e+014
3.53447537231137e+002 1.95226093743199e+014
3.53503054384585e+002 1.97164415573311e+014
3.53558562146938e+002 1.98485438971795e+014
3.53614060516348e+002 1.99392520337484e+014
3.53669549490965e+002 2.00262884323031e+014
3.53725029068940e+002 2.01401502049014e+014
3.53780499248424e+002 2.02837438387769e+014
3.53835960027568e+002 2.04275943332165e+014
3.53891411404522e+002 2.05240664995144e+014
3.53946853377438e+002 2.05337742653088e+014
3.54002285944465e+002 2.04500303944656e+014
3.54057709103756e+002 2.03074482552005e+014
3.54113122853460e+002 2.01692760232298e+014
3.54168527191728e+002 2.00999835128623e+014
3.54223922116712e+002 2.01376327559938e+014
3.54279307626562e+002 2.02797778731576e+014
3.54334683719429e+002 2.04881720105971e+014
3.54390050393463e+002 2.07073515970261e+014
3.54445407646816e+002 2.08864760614537e+014
3.54500755477638e+002 2.09949644233821e+014
3.54556093884080e+002 2.10280191465171e+014
3.54611422864292e+002 2.10033995259941e+014
3.54666742416427e+002 2.09527830807587e+014
3.54722052538633e+002 2.09103280091200e+014
3.54777353229063e+002 2.09003653063810e+014
3.54832644485867e+002 2.09270783916808e+014
3.54887926307195e+002 2.09702230041365e+014
3.54943198691199e+002 2.09898718515343e+014
3.54998461636030e+002 2.09393545534631e+014
3.55053715139837e+002 2.07815169215627e+014
3.55108959200773e+002 2.05021743465243e+014
3.55164193816987e+002 2.01166602097938e+014
3.55219418986630e+002 1.96684165508753e+014
3.55274634707854e+002 1.92203595288871e+014
3.55329840978809e+002 1.88403165902882e+014
3.55385037797646e+002 1.85829421977343e+014
3.55440225162515e+002 1.84729506449580e+014
3.55495403071568e+002 1.84964746049721e+014
3.55550571522955e+002 1.86059770031312e+014
3.55605730514827e+002 1.87385698800410e+014
3.55660880045335e+002 1.88406098852731e+014
3.55716020112630e+002 1.88876561569799e+014
3.55771150714862e+002 1.88910773177783e+014
3.55826271850182e+002 1.88894536197071e+014
3.55881383516741e+002 1.89300253148341e+014
3.55936485712690e+002 1.90485956140027e+014
3.55991578436180e+002 1.92545004387860e+014
3.56046661685361e+002 1.95230899438934e+014
3.56101735458384e+002 1.97954521225918e+014
3.56156799753400e+002 1.99855479374242e+014
3.56211854568560e+002 1.99965183916625e+014
3.56266899902014e+002 1.97467853790723e+014
3.56321935751914e+002 1.92009455876549e+014
3.56376962116409e+002 1.83933671736801e+014
3.56431978993652e+002 1.74300797300555e+014
3.56486986381792e+002 1.64614623089053e+014
3.56541984278981e+002 1.56326005338911e+014
3.56596972683369e+002 1.50319949781717e+014
3.56651951593108e+002 1.46632886361162e+014
3.56706921006347e+002 1.44548367548116e+014
3.56761880921237e+002 1.43028378149045e+014
3.56816831335930e+002 1.41261517075984e+014
3.56871772248577e+002 1.39051982811279e+014
3.56926703657327e+002 1.36868015187107e+014
3.56981625560332e+002 1.35557016412269e+014
3.57036537955743e+002 1.35904473453707e+014
3.57091440841711e+002 1.38270693473023e+014
3.57146334216385e+002 1.42464896437738e+014
3.57201218077918e+002 1.47871429652941e+014
3.57256092424459e+002 1.53718779703497e+014
3.57310957254160e+002 1.59338829722455e+014
3.57365812565171e+002 1.64303607178670e+014
3.57420658355643e+002 1.68409599835840e+014
3.57475494623727e+002 1.71557659448788e+014
3.57530321367574e+002 1.73617071518116e+014
3.57585138585335e+002 1.74354881057027e+014
3.57639946275160e+002 1.73465754325840e+014
3.57694744435200e+002 1.70679960629524e+014
3.57749533063606e+002 1.65890089509544e+014
3.57804312158528e+002 1.59239999247124e+014
3.57859081718118e+002 1.51152356543321e+014
3.57913841740527e+002 1.42301580232365e+014
3.57968592223904e+002 1.33541643603767e+014
3.58023333166401e+002 1.25781393110569e+014
3.58078064566169e+002 1.19799233963143e+014
3.58132786421359e+002 1.16027442290106e+014
3.58187498730120e+002 1.14391993644780e+014
3.58242201490605e+002 1.14311431426808e+014
3.58296894700963e+002 1.14900855973435e+014
3.58351578359346e+002 1.15317477840839e+014
3.58406252463905e+002 1.15094634299941e+014
3.58460917012790e+002 1.14307340610921e+014
3.58515572004151e+002 1.13501086968029e+014
3.58570217436141e+002 1.13439643227950e+014
3.58624853306909e+002 1.14809903049844e+014
3.58679479614606e+002 1.18018655942679e+014
3.58734096357384e+002 1.23141548305117e+014
3.58788703533392e+002 1.29992394951740e+014
3.58843301140783e+002 1.38227131822639e+014
3.58897889177705e+002 1.47406487938391e+014
3.58952467642311e+002 1.57000237535174e+014
3.59007036532752e+002 1.66380021011146e+014
3.59061595847177e+002 1.74870611554917e+014
3.59116145583738e+002 1.81891358365921e+014
3.59170685740585e+002 1.87144200473851e+014
3.59225216315869e+002 1.90746996797410e+014
3.59279737307742e+002 1.93218226972097e+014
3.59334248714354e+002 1.95293598698343e+014
3.59388750533855e+002 1.97649793021262e+014
3.59443242764396e+002 2.00663745479429e+014
3.59497725404129e+002 2.04315495166700e+014
3.59552198451204e+002 2.08265428379248e+014
3.59606661903772e+002 2.12050589589411e+014
3.59661115759983e+002 2.15294551311815e+014
3.59715560017989e+002 2.17830047231320e+014
3.59769994675940e+002 2.19684374060760e+014
3.59824419731987e+002 2.20948638432121e+014
3.59878835184280e+002 2.21611669214747e+014
3.59933241030972e+002 2.21459849828733e+014
3.59987637270211e+002 2.20111836609384e+014
3.60042023900150e+002 2.17183849555246e+014
3.60096400918939e+002 2.12504649026658e+014
3.60150768324728e+002 2.06265295216161e+014
3.60205126115669e+002 1.99021343311571e+014
3.60259474289912e+002 1.91545316922418e+014
3.60313812845609e+002 1.84603110373057e+014
3.60368141780909e+002 1.78752129970340e+014
3.60422461093964e+002 1.74225708901883e+014
3.60476770782925e+002 1.70914669279594e+014
3.60531070845941e+002 1.68426763176187e+014
3.60585361281165e+002 1.66208323149739e+014
3.60639642086747e+002 1.63721375947057e+014
3.60693913260837e+002 1.60651243558551e+014
3.60748174801587e+002 1.57077449987784e+014
3.60802426707147e+002 1.53516026215530e+014
3.60856668975668e+002 1.50775316997582e+014
3.60910901605301e+002 1.49657367496724e+014
3.60965124594197e+002 1.50630251898321e+014
3.61019337940506e+002 1.53628629613821e+014
3.61073541642379e+002 1.58082792630152e+014
3.61127735697967e+002 1.63159878651274e+014
3.61181920105421e+002 1.68090939679212e+014
3.61236094862891e+002 1.72415815156216e+014
3.61290259968529e+002 1.76026890239233e+014
3.61344415420485e+002 1.79005429716962e+014
3.61398561216910e+002 1.81358391361667e+014
3.61452697355955e+002 1.82817301290651e+014
3.61506823835770e+002 1.82826346880105e+014
3.61560940654506e+002 1.80745818735049e+014
3.61615047810315e+002 1.76184456475020e+014
3.61669145301346e+002 1.69305742896506e+014
3.61723233125751e+002 1.60957689118643e+014
3.61777311281681e+002 1.52547772311229e+014
3.61831379767286e+002 1.45692253271444e+014
3.61885438580717e+002 1.41766217432719e+014
3.61939487720125e+002 1.41523946003722e+014
3.61993527183661e+002 1.44927701088008e+014
3.62047556969475e+002 1.51232989349413e+014
3.62101577075718e+002 1.59276824456956e+014
3.62155587500541e+002 1.67850516691574e+014
3.62209588242095e+002 1.76029206202375e+014
3.62263579298531e+002 1.83363074049691e+014
3.62317560667999e+002 1.89885991818129e+014
3.62371532348650e+002 1.95952957045220e+014
3.62425494338635e+002 2.01972305760511e+014
3.62479446636106e+002 2.08138123727241e+014
3.62533389239211e+002 2.14268566157421e+014
3.62587322146103e+002 2.19805997352235e+014
3.62641245354932e+002 2.23957950568279e+014
3.62695158863849e+002 2.25901572935864e+014
3.62749062671005e+002 2.24973056390340e+014
3.62802956774550e+002 2.20808096796629e+014
3.62856841172636e+002 2.13443067035592e+014
3.62910715863413e+002 2.03387638267868e+014
3.62964580845032e+002 1.91640763484745e+014
3.63018436115643e+002 1.79590413114573e+014
3.63072281673398e+002 1.68762129309552e+014
3.63126117516447e+002 1.60463919868116e+014
3.63179943642941e+002 1.55459398212767e+014
3.63233760051031e+002 1.53816585476691e+014
3.63287566738868e+002 1.55001441983621e+014
3.63341363704602e+002 1.58159678209149e+014
3.63395150946384e+002 1.62441596947646e+014
3.63448928462366e+002 1.67227817534461e+014
3.63502696250697e+002 1.72194453619148e+014
3.63556454309529e+002 1.77249032666850e+014
3.63610202637012e+002 1.82413350259675e+014
3.63663941231298e+002 1.87715668004245e+014
3.63717670090536e+002 1.93116043200764e+014
3.63771389212878e+002 1.98463740467713e+014
3.63825098596475e+002 2.03485324499707e+014
3.63878798239477e+002 2.07809446223471e+014
3.63932488140035e+002 2.11030519355680e+014
3.63986168296301e+002 2.12797161221243e+014
3.64039838706424e+002 2.12896606939769e+014
3.64093499368555e+002 2.11306504786957e+014
3.64147150280846e+002 2.08200495856973e+014
3.64200791441447e+002 2.03912524147539e+014
3.64254422848509e+002 1.98875367645521e+014
3.64308044500182e+002 1.93548676961612e+014
3.64361656394618e+002 1.88347408354361e+014
3.64415258529967e+002 1.83581565235365e+014
3.64468850904381e+002 1.79423882578832e+014
3.64522433516009e+002 1.75924242530017e+014
3.64576006363003e+002 1.73076149734720e+014
3.64629569443513e+002 1.70911483116114e+014
3.64683122755691e+002 1.69573768816649e+014
3.64736666297686e+002 1.69322424442354e+014
3.64790200067651e+002 1.70457666167582e+014
3.64843724063735e+002 1.73204519958975e+014
3.64897238284089e+002 1.77617777980993e+014
3.64950742726865e+002 1.83550167021597e+014
3.65004237390212e+002 1.90681598379165e+014
3.65057722272282e+002 1.98575368110511e+014
3.65111197371226e+002 2.06730099597775e+014
3.65164662685195e+002 2.14623848731660e+014
3.65218118212338e+002 2.21768497751564e+014
3.65271563950807e+002 2.27786519581688e+014
3.65324999898753e+002 2.32494083883252e+014
3.65378426054327e+002 2.35950709716420e+014
3.65431842415679e+002 2.38439615387174e+014
3.65485248980960e+002 2.40374923500332e+014
3.65538645748321e+002 2.42169919464014e+014
3.65592032715913e+002 2.44118807621724e+014
3.65645409881886e+002 2.46332953331738e+014
3.65698777244391e+002 2.48742748188239e+014
3.65752134801580e+002 2.51148494895430e+014
3.65805482551602e+002 2.53291578773209e+014
3.65858820492609e+002 2.54920334495634e+014
3.65912148622751e+002 2.55835318709138e+014
3.65965466940180e+002 2.55910204722866e+014
3.66018775443046e+002 2.55095261772295e+014
3.66072074129499e+002 2.53417547456995e+014
3.66125362997691e+002 2.50989505077249e+014
3.66178642045773e+002 2.48023101637207e+014
3.66231911271894e+002 2.44828907610504e+014
3.66285170674207e+002 2.41775416685742e+014
3.66338420250862e+002 2.39203140130286e+014
3.66391660000009e+002 2.37320644006636e+014
3.66444889919799e+002 2.36131200699076e+014
3.66498110008383e+002 2.35430087495124e+014
3.66551320263913e+002 2.34877945860474e+014
3.66604520684538e+002 2.34119736687657e+014
3.66657711268410e+002 2.32905333664393e+014
3.66710892013679e+002 2.31178807788685e+014
3.66764062918496e+002 2.29120526157465e+014
3.66817223981012e+002 2.27132368111056e+014
3.66870375199378e+002 2.25755315680355e+014
3.66923516571744e+002 2.25519557717977e+014
3.66976648096262e+002 2.26759770874163e+014
3.67029769771081e+002 2.29465012539955e+014
3.67082881594354e+002 2.33239814863498e+014
3.67135983564230e+002 2.37411101309855e+014
3.67189075678860e+002 2.41241461778548e+014
3.67242157936396e+002 2.44149019783327e+014
3.67295230334988e+002 2.45829881139926e+014
3.67348292872786e+002 2.46237532250719e+014
3.67401345547942e+002 2.45458452141455e+014
3.67454388358607e+002 2.43579450972321e+014
3.67507421302931e+002 2.40633793541316e+014
3.67560444379065e+002 2.36648816237770e+014
3.67613457585159e+002 2.31744897859224e+014
3.67666460919365e+002 2.26205462901410e+014
3.67719454379834e+002 2.20467054526542e+014
3.67772437964715e+002 2.15038761299981e+014
3.67825411672161e+002 2.10402610259392e+014
3.67878375500321e+002 2.06942559433338e+014
3.67931329447347e+002 2.04912507688703e+014
3.67984273511389e+002 2.04421432756267e+014
3.68037207690598e+002 2.05412979560124e+014
3.68090131983126e+002 2.07641254508477e+014
3.68143046387121e+002 2.10666626352855e+014
3.68195950900737e+002 2.13895027249579e+014
3.68248845522122e+002 2.16664890396297e+014
3.68301730249429e+002 2.18364668945920e+014
3.68354605080807e+002 2.18553362262220e+014
3.68407470014409e+002 2.17057005496344e+014
3.68460325048383e+002 2.14020511773628e+014
3.68513170180882e+002 2.09903449160584e+014
3.68566005410056e+002 2.05419115583008e+014
3.68618830734056e+002 2.01426460081754e+014
3.68671646151032e+002 1.98791367502109e+014
3.68724451659135e+002 1.98237544608117e+014
3.68777247256517e+002 2.00209725020612e+014
3.68830032941328e+002 2.04773395430729e+014
3.68882808711719e+002 2.11573254658304e+014
3.68935574565840e+002 2.19865302328683e+014
3.68988330501842e+002 2.28626141922108e+014
3.69041076517877e+002 2.36729758525578e+014
3.69093812612095e+002 2.43166033775984e+014
3.69146538782646e+002 2.47256208610641e+014
3.69199255027682e+002 2.48805239838407e+014
3.69251961345353e+002 2.48134401014025e+014
3.69304657733811e+002 2.45970978636359e+014
3.69357344191205e+002 2.43228070636027e+014
3.69410020715687e+002 2.40757385450440e+014
3.69462687305407e+002 2.39168830256057e+014
3.69515343958517e+002 2.38771693696734e+014
3.69567990673166e+002 2.39625911755754e+014
3.69620627447507e+002 2.41639741321429e+014
3.69673254279689e+002 2.44642871244710e+014
3.69725871167864e+002 2.48400527752583e+014
3.69778478110182e+002 2.52585152976474e+014
3.69831075104794e+002 2.56752849566336e+014
3.69883662149850e+002 2.60365084437208e+014
3.69936239243503e+002 2.62861687955632e+014
3.69988806383901e+002 2.63755412838118e+014
3.70041363569197e+002 2.62705905811710e+014
3.70093910797541e+002 2.59548592617844e+014
3.70146448067084e+002 2.54286562033565e+014
3.70198975375976e+002 2.47075523424104e+014
3.70251492722369e+002 2.38226411614045e+014
3.70304000104413e+002 2.28222123997491e+014
3.70356497520258e+002 2.17717279436967e+014
3.70408984968057e+002 2.07486128914491e+014
3.70461462445959e+002 1.98309598148994e+014
3.70513929952115e+002 1.90832143571899e+014
3.70566387484676e+002 1.85446479160246e+014
3.70618835041793e+002 1.82259933135953e+014
3.70671272621617e+002 1.81159478196891e+014
3.70723700222299e+002 1.81942327627742e+014
3.70776117841988e+002 1.84444130709429e+014
3.70828525478837e+002 1.88599237223645e+014
3.70880923130996e+002 1.94407606222373e+014
3.70933310796615e+002 2.01836895983355e+014
3.70985688473846e+002 2.10722191720964e+014
3.71038056160839e+002 2.20719020120462e+014
3.71090413855745e+002 2.31325677612346e+014
3.71142761556714e+002 2.41949100345920e+014
3.71195099261899e+002 2.51973974767509e+014
3.71247426969449e+002 2.60812636540820e+014
3.71299744677515e+002 2.67941738584852e+014
3.71352052384247e+002 2.72942221968180e+014
3.71404350087798e+002 2.75542588842554e+014
3.71456637786317e+002 2.75640305791329e+014
3.71508915477956e+002 2.73271906950712e+014
3.71561183160865e+002 2.68531897180956e+014
3.71613440833195e+002 2.61485654378629e+014
3.71665688493096e+002 2.52144841103807e+014
3.71717926138720e+002 2.40549010389990e+014
3.71770153768217e+002 2.26932569752751e+014
3.71822371379739e+002 2.11892737914785e+014
3.71874578971435e+002 1.96456086397921e+014
3.71926776541457e+002 1.81984314968590e+014
3.71978964087955e+002 1.69938543938997e+014
3.72031141609081e+002 1.61587251224841e+014
3.72083309102985e+002 1.57759036653954e+014
3.72135466567817e+002 1.58706263677439e+014
3.72187614001730e+002 1.64089809596286e+014
3.72239751402872e+002 1.73055161991223e+014
3.72291878769396e+002 1.84362708132041e+014
3.72343996099452e+002 1.96551195134077e+014
3.72396103391191e+002 2.08130946334830e+014
3.72448200642764e+002 2.17804470829239e+014
3.72500287852320e+002 2.24691813455423e+014
3.72552365018012e+002 2.28506461176490e+014
3.72604432137990e+002 2.29607385665554e+014
3.72656489210405e+002 2.28869612258379e+014
3.72708536233407e+002 2.27379466852822e+014
3.72760573205148e+002 2.26047566366620e+014
3.72812600123778e+002 2.25290187957936e+014
3.72864616987447e+002 2.24911442542539e+014
3.72916623794308e+002 2.24225057123016e+014
3.72968620542510e+002 2.22340451768115e+014
3.73020607230204e+002 2.18474332303170e+014
3.73072583855542e+002 2.12169403277469e+014
3.73124550416673e+002 2.03378485495738e+014
3.73176506911749e+002 1.92444519268182e+014
3.73228453338920e+002 1.80031150905243e+014
3.73280389696338e+002 1.67037490168281e+014
3.73332315982153e+002 1.54499674811792e+014
3.73384232194515e+002 1.43472844173828e+014
3.73436138331577e+002 1.34902872825831e+014
3.73488034391487e+002 1.29515985031081e+014
3.73539920372398e+002 1.27753947867850e+014
3.73591796272460e+002 1.29760536295535e+014
3.73643662089824e+002 1.35399326281613e+014
3.73695517822640e+002 1.44274662217800e+014
3.73747363469060e+002 1.55742463790007e+014
3.73799199027234e+002 1.68921642063176e+014
3.73851024495313e+002 1.82730446811683e+014
3.73902839871448e+002 1.95966203539267e+014
3.73954645153789e+002 2.07428636097934e+014
3.74006440340488e+002 2.16069334883567e+014
3.74058225429695e+002 2.21139659005127e+014
3.74110000419560e+002 2.22305317957940e+014
3.74161765308236e+002 2.19696861388443e+014
3.74213520093872e+002 2.13875054441832e+014
3.74265264774619e+002 2.05712004125515e+014
3.74316999348628e+002 1.96216912694368e+014
3.74368723814051e+002 1.86354125433020e+014
3.74420438169037e+002 1.76898523487255e+014
3.74472142411737e+002 1.68352987436157e+014
3.74523836540303e+002 1.60932112727931e+014
3.74575520552884e+002 1.54609356845309e+014
3.74627194447633e+002 1.49226113210584e+014
3.74678858222699e+002 1.44651833880991e+014
3.74730511876234e+002 1.40954828385309e+014
3.74782155406388e+002 1.38511254200224e+014
3.74833788811312e+002 1.37979350452832e+014
3.74885412089157e+002 1.40116410181050e+014
3.74937025238073e+002 1.45497648902807e+014
3.74988628256212e+002 1.54258935967713e+014
3.75040221141724e+002 1.65984663098947e+014
3.75091803892760e+002 1.79792498603561e+014
3.75143376507470e+002 1.94567484280317e+014
3.75194938984007e+002 2.09226499630846e+014
3.75246491320519e+002 2.22890123056233e+014
3.75298033515159e+002 2.34901449923728e+014
3.75349565566077e+002 2.44722637003438e+014
3.75401087471423e+002 2.51808965054040e+014
3.75452599229349e+002 2.55571251041796e+014
3.75504100838005e+002 2.55486480328977e+014
3.75555592295543e+002 2.51330377041167e+014
3.75607073600112e+002 2.43427235101951e+014
3.75658544749864e+002 2.32781141450429e+014
3.75710005742949e+002 2.20987581361690e+014
3.75761456577519e+002 2.09914107174363e+014
3.75812897251724e+002 2.01244008991918e+014
3.75864327763714e+002 1.96046610984319e+014
3.75915748111641e+002 1.94534938583027e+014
3.75967158293656e+002 1.96095482824004e+014
3.76018558307909e+002 1.99563703327835e+014
3.76069948152551e+002 2.03627427382219e+014
3.76121327825733e+002 2.07207426381334e+014
3.76172697325605e+002 2.09694370315016e+014
3.76224056650319e+002 2.10989353061629e+014
3.76275405798025e+002 2.11369117791765e+014
3.76326744766873e+002 2.11254002306966e+014
3.76378073555016e+002 2.10983611968537e+014
3.76429392160603e+002 2.10693949609380e+014
3.76480700581786e+002 2.10338635932024e+014
3.76531998816715e+002 2.09822289778727e+014
3.76583286863540e+002 2.09153241393181e+014
3.76634564720414e+002 2.08514891165154e+014
3.76685832385485e+002 2.08210811348791e+014
3.76737089856907e+002 2.08524613153695e+014
3.76788337132828e+002 2.09593048738005e+014
3.76839574211400e+002 2.11378692634390e+014
3.76890801090774e+002 2.13755531735717e+014
3.76942017769100e+002 2.16639970421590e+014
3.76993224244530e+002 2.20069002189462e+014
3.77044420515214e+002 2.24166676106776e+014
3.77095606579302e+002 2.29018966510083e+014
3.77146782434946e+002 2.34539622822015e+014
3.77197948080297e+002 2.40415121113400e+014
3.77249103513505e+002 2.46166683832420e+014
3.77300248732721e+002 2.51298296056724e+014
3.77351383736095e+002 2.55455245634500e+014
3.77402508521780e+002 2.58519995461345e+014
3.77453623087924e+002 2.60612566111472e+014
3.77504727432680e+002 2.62012962102438e+014
3.77555821554198e+002 2.63055361021870e+014
3.77606905450628e+002 2.64044349696857e+014
3.77657979120122e+002 2.65217748230634e+014
3.77709042560831e+002 2.66747116996125e+014
3.77760095770905e+002 2.68746815878492e+014
3.77811138748494e+002 2.71266858293354e+014
3.77862171491751e+002 2.74268559789924e+014
3.77913193998824e+002 2.77606134343462e+014
3.77964206267866e+002 2.81042000550954e+014
3.78015208297028e+002 2.84302779732814e+014
3.78066200084459e+002 2.87150786528469e+014
3.78117181628311e+002 2.89426889857542e+014
3.78168152926734e+002 2.91032202186619e+014
3.78219113977879e+002 2.91854462099572e+014
3.78270064779898e+002 2.91686686097697e+014
3.78321005330940e+002 2.90202102025050e+014
3.78371935629158e+002 2.87025556055398e+014
3.78422855672700e+002 2.81887120289073e+014
3.78473765459719e+002 2.74789289552094e+014
3.78524664988365e+002 2.66099638998750e+014
3.78575554256788e+002 2.56512339274072e+014
3.78626433263140e+002 2.46888909593593e+014
3.78677302005572e+002 2.38050785984806e+014
3.78728160482234e+002 2.30614803376162e+014
3.78779008691276e+002 2.24927339691692e+014
3.78829846630851e+002 2.21089752364008e+014
3.78880674299108e+002 2.19020325430115e+014
3.78931491694198e+002 2.18495763422363e+014
3.78982298814273e+002 2.19154046387343e+014
3.79033095657482e+002 2.20487584451753e+014
3.79083882221978e+002 2.21875208833262e+014
3.79134658505909e+002 2.22679856442508e+014
3.79185424507428e+002 2.22392106570983e+014
3.79236180224685e+002 2.20760913390640e+014
3.79286925655832e+002 2.17848158811485e+014
3.79337660799017e+002 2.13976334301137e+014
3.79388385652393e+002 2.09589761641874e+014
3.79439100214111e+002 2.05091714480675e+014
3.79489804482320e+002 2.00731836800427e+014
3.79540498455173e+002 1.96594787482203e+014
3.79591182130819e+002 1.92692271608315e+014
3.79641855507409e+002 1.89108334504796e+014
3.79692518583095e+002 1.86117440665608e+014
3.79743171356026e+002 1.84204019915479e+014
3.79793813824355e+002 1.83959500685896e+014
3.79844445986231e+002 1.85895497485624e+014
3.79895067839805e+002 1.90256161774384e+014
3.79945679383229e+002 1.96913819340229e+014
3.79996280614653e+002 2.05389280241175e+014
3.80046871532227e+002 2.14976323735388e+014
3.80097452134103e+002 2.24904099643400e+014
3.80148022418431e+002 2.34465892232152e+014
3.80198582383363e+002 2.43076745761608e+014
3.80249132027048e+002 2.50271222494882e+014
3.80299671347638e+002 2.55685076145617e+014
3.80350200343284e+002 2.59063816572436e+014
3.80400719012136e+002 2.60312737773106e+014
3.80451227352345e+002 2.59567885118241e+014
3.80501725362062e+002 2.57245941109679e+014
3.80552213039437e+002 2.54031931444672e+014
3.80602690382622e+002 2.50784116922293e+014
3.80653157389768e+002 2.48366442307016e+014
3.80703614059024e+002 2.47449390629167e+014
3.80754060388542e+002 2.48338343002836e+014
3.80804496376473e+002 2.50885209323543e+014
3.80854922020967e+002 2.54512961661053e+014
3.80905337320176e+002 2.58344261728803e+014
3.80955742272250e+002 2.61392423276835e+014
3.81006136875339e+002 2.62759761356432e+014
3.81056521127595e+002 2.61797024601926e+014
3.81106895027168e+002 2.58198625020085e+014
3.81157258572210e+002 2.52029440699530e+014
3.81207611760870e+002 2.43693198904366e+014
3.81257954591301e+002 2.33859660150592e+014
3.81308287061651e+002 2.23369687624866e+014
3.81358609170074e+002 2.13133481327627e+014
3.81408920914718e+002 2.04027600060680e+014
3.81459222293735e+002 1.96786056999702e+014
3.81509513305276e+002 1.91880470770448e+014
3.81559793947492e+002 1.89401501858725e+014
3.81610064218532e+002 1.88981935298248e+014
3.81660324116549e+002 1.89818955033668e+014
3.81710573639693e+002 1.90836513013338e+014
3.81760812786114e+002 1.90974083909243e+014
3.81811041553964e+002 1.89518845094103e+014
3.81861259941394e+002 1.86354009150242e+014
3.81911467946553e+002 1.82008269817856e+014
3.81961665567593e+002 1.77463135857719e+014
3.82011852802665e+002 1.73776837413125e+014
3.82062029649919e+002 1.71667774264559e+014
3.82112196107506e+002 1.71225213807938e+014
3.82162352173578e+002 1.71865499795406e+014
3.82212497846284e+002 1.72549386423678e+014
3.82262633123776e+002 1.72167401401675e+014
3.82312758004204e+002 1.69935348805055e+014
3.82362872485719e+002 1.65648810254786e+014
3.82412976566473e+002 1.59715830332194e+014
3.82463070244615e+002 1.52983410926261e+014
3.82513153518296e+002 1.46450201572662e+014
3.82563226385668e+002 1.40984171674894e+014
3.82613288844882e+002 1.37137190106868e+014
3.82663340894087e+002 1.35090081485242e+014
3.82713382531434e+002 1.34703811379999e+014
3.82763413755076e+002 1.35620594366230e+014
3.82813434563161e+002 1.37361674018576e+014
3.82863444953842e+002 1.39396831509977e+014
3.82913444925269e+002 1.41193544554505e+014
3.82963434475592e+002 1.42270594545250e+014
3.83013413602963e+002 1.42272647178503e+014
3.83063382305532e+002 1.41056176640022e+014
3.83113340581450e+002 1.38752169767329e+014
3.83163288428868e+002 1.35765914961235e+014
3.83213225845937e+002 1.32694462285491e+014
3.83263152830807e+002 1.30177029136702e+014
3.83313069381629e+002 1.28723129655083e+014
3.83362975496554e+002 1.28572778519281e+014
3.83412871173733e+002 1.29631135807696e+014
3.83462756411317e+002 1.31495528263484e+014
3.83512631207456e+002 1.33566820264970e+014
3.83562495560301e+002 1.35215865372350e+014
3.83612349468003e+002 1.35961509898236e+014
3.83662192928713e+002 1.35611899908468e+014
3.83712025940582e+002 1.34329518812063e+014
3.83761848501760e+002 1.32603184751434e+014
3.83811660610398e+002 1.31139972777401e+014
3.83861462264646e+002 1.30713212925324e+014
3.83911253462657e+002 1.32008412996132e+014
3.83961034202580e+002 1.35497567236144e+014
3.84010804482567e+002 1.41355526051148e+014
3.84060564300767e+002 1.49422732639817e+014
3.84110313655333e+002 1.59219223372076e+014
3.84160052544414e+002 1.70016035675357e+014
3.84209780966161e+002 1.80961164125417e+014
3.84259498918726e+002 1.91237591195031e+014
3.84309206400259e+002 2.00212714711921e+014
3.84358903408911e+002 2.07535719404042e+014
3.84408589942832e+002 2.13155888705636e+014
3.84458266000174e+002 2.17261712605831e+014
3.84507931579087e+002 2.20164972974799e+014
3.84557586677722e+002 2.22168313336965e+014
3.84607231294230e+002 2.23458672950515e+014
3.84656865426762e+002 2.24063291058515e+014
3.84706489073468e+002 2.23887937361281e+014
3.84756102232499e+002 2.22827524327391e+014
3.84805704902006e+002 2.20904413275114e+014
3.84855297080139e+002 2.18366710526109e+014
3.84904878765051e+002 2.15685974598253e+014
3.84954449954890e+002 2.13435838260049e+014
3.85004010647809e+002 2.12093004875896e+014
3.85053560841958e+002 2.11847567177962e+014
3.85103100535487e+002 2.12512432332359e+014
3.85152629726548e+002 2.13577070187337e+014
3.85202148413292e+002 2.14382380180041e+014
3.85251656593868e+002 2.14338891958967e+014
3.85301154266428e+002 2.13097848476594e+014
3.85350641429123e+002 2.10615815372110e+014
3.85400118080104e+002 2.07105847097496e+014
3.85449584217520e+002 2.02912685437334e+014
3.85499039839524e+002 1.98368806331481e+014
3.85548484944266e+002 1.93683587366808e+014
3.85597919529896e+002 1.88900751512062e+014
3.85647343594565e+002 1.83938255601317e+014
3.85696757136425e+002 1.78701216291667e+014
3.85746160153626e+002 1.73232118179316e+014
3.85795552644319e+002 1.67840054051456e+014
3.85844934606654e+002 1.63145569868557e+014
3.85894306038783e+002 1.60000232891823e+014
3.85943666938856e+002 1.59286716901343e+014
3.85993017305023e+002 1.61656915867876e+014
3.86042357135437e+002 1.67297804535152e+014
3.86091686428247e+002 1.75811433068555e+014
3.86141005181605e+002 1.86257330088588e+014
3.86190313393660e+002 1.97348734834201e+014
3.86239611062565e+002 2.07741350140814e+014
3.86288898186469e+002 2.16324420859642e+014
3.86338174763524e+002 2.22428137961326e+014
3.86387440791880e+002 2.25894754836634e+014
3.86436696269688e+002 2.27008861444848e+014
3.86485941195099e+002 2.26326398010395e+014
3.86535175566264e+002 2.24467234735402e+014
3.86584399381333e+002 2.21936560180394e+014
3.86633612638457e+002 2.19020024155789e+014
3.86682815335788e+002 2.15767570613621e+014
3.86732007471475e+002 2.12053519665084e+014
3.86781189043670e+002 2.07684001482542e+014
3.86830360050524e+002 2.02518729396456e+014
3.86879520490186e+002 1.96578108518901e+014
3.86928670360809e+002 1.90113264775715e+014
3.86977809660542e+002 1.83623025725131e+014
3.87026938387537e+002 1.77809183716397e+014
3.87076056539945e+002 1.73471671640737e+014
3.87125164115915e+002 1.71358640257174e+014
3.87174261113600e+002 1.71999795567953e+014
3.87223347531149e+002 1.75560173633113e+014
3.87272423366714e+002 1.81752081216242e+014
3.87321488618446e+002 1.89833754341548e+014
3.87370543284494e+002 1.98705528369111e+014
3.87419587363010e+002 2.07091621517570e+014
3.87468620852145e+002 2.13773580580635e+014
3.87517643750050e+002 2.17825965404539e+014
3.87566656054875e+002 2.18800178112609e+014
3.87615657764771e+002 2.16809886168808e+014
3.87664648877888e+002 2.12490578487516e+014
3.87713629392379e+002 2.06834725788156e+014
3.87762599306393e+002 2.00939017760764e+014
3.87811558618081e+002 1.95732554801015e+014
3.87860507325594e+002 1.91770604151266e+014
3.87909445427083e+002 1.89163943159754e+014
3.87958372920699e+002 1.87666281674874e+014
3.88007289804592e+002 1.86877492074141e+014
3.88056196076914e+002 1.86468406681786e+014
3.88105091735814e+002 1.86322578966782e+014
3.88153976779444e+002 1.86531376475748e+014
3.88202851205955e+002 1.87253487613644e+014
3.88251715013497e+002 1.88520916488581e+014
3.88300568200222e+002 1.90102998164610e+014
3.88349410764279e+002 1.91510719758131e+014
3.88398242703820e+002 1.92149928990225e+014
3.88447064016996e+002 1.91553227542970e+014
3.88495874701957e+002 1.89579654774951e+014
3.88544674756854e+002 1.86490564947550e+014
3.88593464179838e+002 1.82876492703170e+014
3.88642242969060e+002 1.79483279616745e+014
3.88691011122670e+002 1.77024294669052e+014
3.88739768638820e+002 1.76051567230873e+014
3.88788515515659e+002 1.76908422619904e+014
3.88837251751340e+002 1.79736671010824e+014
3.88885977344012e+002 1.84493554476556e+014
3.88934692291827e+002 1.90952532748702e+014
3.88983396592935e+002 1.98696721953353e+014
3.89032090245487e+002 2.07135844827985e+014
3.89080773247634e+002 2.15571771469277e+014
3.89129445597526e+002 2.23310816307693e+014
3.89178107293315e+002 2.29793112954939e+014
3.89226758333151e+002 2.34698145808029e+014
3.89275398715185e+002 2.37994656299483e+014
3.89324028437568e+002 2.39923516570828e+014
3.89372647498451e+002 2.40921323855095e+014
3.89421255895984e+002 2.41504116552689e+014
3.89469853628318e+002 2.42136594621524e+014
3.89518440693604e+002 2.43116720158160e+014
3.89567017089993e+002 2.44507867269621e+014
3.89615582815635e+002 2.46144149757575e+014
3.89664137868682e+002 2.47713564760027e+014
3.89712682247284e+002 2.48892208856137e+014
3.89761215949592e+002 2.49476232334588e+014
3.89809738973756e+002 2.49453886942754e+014
3.89858251317928e+002 2.48984945017188e+014
3.89906752980258e+002 2.48298664937107e+014
3.89955243958898e+002 2.47561724691886e+014
3.90003724251997e+002 2.46782226386455e+014
3.90052193857707e+002 2.45796627979274e+014
3.90100652774178e+002 2.44343618684700e+014
3.90149100999562e+002 2.42186177615111e+014
3.90197538532009e+002 2.39223893120082e+014
3.90245965369669e+002 2.35551163763128e+014
3.90294381510695e+002 2.31451626827386e+014
3.90342786953235e+002 2.27350562390690e+014
3.90391181695442e+002 2.23755148441219e+014
3.90439565735466e+002 2.21196646177140e+014
3.90487939071458e+002 2.20167306660132e+014
3.90536301701568e+002 2.21039735545878e+014
3.90584653623948e+002 2.23974117042129e+014
3.90632994836747e+002 2.28844703976565e+014
3.90681325338118e+002 2.35227957349448e+014
3.90729645126211e+002 2.42477375090491e+014
3.90777954199176e+002 2.49871703900432e+014
3.90826252555164e+002 2.56786292337443e+014
3.90874540192327e+002 2.62823623409229e+014
3.90922817108814e+002 2.67856244070233e+014
3.90971083302778e+002 2.71973947659375e+014
3.91019338772367e+002 2.75367575399844e+014
3.91067583515734e+002 2.78205193737259e+014
3.91115817531030e+002 2.80553018846645e+014
3.91164040816403e+002 2.82366706019436e+014
3.91212253370007e+002 2.83542896332767e+014
3.91260455189991e+002 2.83994399480335e+014
3.91308646274507e+002 2.83707492294907e+014
3.91356826621704e+002 2.82756326528036e+014
3.91404996229734e+002 2.81275235638782e+014
3.91453155096748e+002 2.79409084409427e+014
3.91501303220897e+002 2.77265767912871e+014
3.91549440600330e+002 2.74886133339729e+014
3.91597567233200e+002 2.72234998415672e+014
3.91645683117656e+002 2.69211038832155e+014
3.91693788251850e+002 2.65673860795447e+014
3.91741882633933e+002 2.61487896331814e+014
3.91789966262054e+002 2.56579294529506e+014
3.91838039134365e+002 2.50993698948296e+014
3.91886101249018e+002 2.44935240085594e+014
3.91934152604162e+002 2.38766795868068e+014
3.91982193197948e+002 2.32961245928404e+014
3.92030223028527e+002 2.28009960485581e+014
3.92078242094050e+002 2.24310960928454e+014
3.92126250392668e+002 2.22067778969937e+014
3.92174247922531e+002 2.21227405869730e+014
3.92222234681791e+002 2.21473591585997e+014
3.92270210668598e+002 2.22275763514284e+014
3.92318175881103e+002 2.22979945239711e+014
3.92366130317456e+002 2.22919647963690e+014
3.92414073975809e+002 2.21522326307873e+014
3.92462006854312e+002 2.18390054474797e+014
3.92509928951116e+002 2.13340924827926e+014
3.92557840264372e+002 2.06408691914673e+014
3.92605740792231e+002 1.97808830687129e+014
3.92653630532843e+002 1.87885171942237e+014
3.92701509484359e+002 1.77050712671556e+014
3.92749377644930e+002 1.65731400204783e+014
3.92797235012707e+002 1.54317316955298e+014
3.92845081585841e+002 1.43124762648793e+014
3.92892917362482e+002 1.32374182938759e+014
3.92940742340781e+002 1.22189155573617e+014
3.92988556518889e+002 1.12618264415675e+014
3.93036359894957e+002 1.03675417835439e+014
3.93084152467136e+002 9.53880886512580e+013
3.93131934233575e+002 8.78398524103732e+013
3.93179705192427e+002 8.11945654432649e+013
3.93227465341842e+002 7.56940925440987e+013
3.93275214679971e+002 7.16285669274427e+013
3.93322953204964e+002 6.92861852707515e+013
3.93370680914972e+002 6.88962115255669e+013
3.93418397808147e+002 7.05815378155861e+013
3.93466103882638e+002 7.43341040310074e+013
3.93513799136597e+002 8.00183588029234e+013
3.93561483568175e+002 8.73979220976553e+013
3.93609157175521e+002 9.61729903645358e+013
3.93656819956788e+002 1.06014084751979e+014
3.93704471910126e+002 1.16582131878232e+014
3.93752113033685e+002 1.27533308076604e+014
3.93799743325617e+002 1.38515460401827e+014
3.93847362784072e+002 1.49167191910229e+014
3.93894971407201e+002 1.59128961065670e+014
3.93942569193154e+002 1.68069136684560e+014
3.93990156140084e+002 1.75720829704515e+014
3.94037732246139e+002 1.81921456526413e+014
3.94085297509472e+002 1.86647489131071e+014
3.94132851928233e+002 1.90039017417035e+014
3.94180395500572e+002 1.92408613082622e+014
3.94227928224642e+002 1.94225514187462e+014
3.94275450098591e+002 1.96063664088839e+014
3.94322961120572e+002 1.98507650761331e+014
3.94370461288734e+002 2.02027384105409e+014
3.94417950601229e+002 2.06854631373113e+014
3.94465429056208e+002 2.12908638664053e+014
3.94512896651821e+002 2.19810778369180e+014
3.94560353386219e+002 2.26996932080264e+014
3.94607799257553e+002 2.33893640769656e+014
3.94655234263974e+002 2.40091839452364e+014
3.94702658403632e+002 2.45448875186713e+014
3.94750071674678e+002 2.50079316934872e+014
3.94797474075264e+002 2.54244015210987e+014
3.94844865603539e+002 2.58191173714606e+014
3.94892246257655e+002 2.62021966984017e+014
3.94939616035762e+002 2.65638864150684e+014
3.94986974936012e+002 2.68795397770874e+014
3.95034322956555e+002 2.71220191261224e+014
3.95081660095541e+002 2.72755612572611e+014
3.95128986351122e+002 2.73445884477497e+014
3.95176301721448e+002 2.73533030849393e+014
3.95223606204671e+002 2.73361833965736e+014
3.95270899798940e+002 2.73238282609116e+014
3.95318182502407e+002 2.73309306982028e+014
3.95365454313223e+002 2.73522193355935e+014
3.95412715229538e+002 2.73682769753978e+014
3.95459965249503e+002 2.73581136589732e+014
3.95507204371270e+002 2.73118403926421e+014
3.95554432592987e+002 2.72366496684193e+014
3.95601649912808e+002 2.71526448121011e+014
3.95648856328881e+002 2.70801160016170e+014
3.95696051839359e+002 2.70240787315335e+014
3.95743236442392e+002 2.69633175290358e+014
3.95790410136130e+002 2.68493688711066e+014
3.95837572918725e+002 2.66168590040331e+014
3.95884724788327e+002 2.62021514016399e+014
3.95931865743087e+002 2.55640224816586e+014
3.95978995781156e+002 2.46991192314393e+014
3.96026114900684e+002 2.36465279582446e+014
3.96073223099823e+002 2.24793972306006e+014
3.96120320376724e+002 2.12860269638295e+014
3.96167406729536e+002 2.01465560797845e+014
3.96214482156411e+002 1.91128894159567e+014
3.96261546655499e+002 1.81981554786009e+014
3.96308600224952e+002 1.73783610193521e+014
3.96355642862920e+002 1.66045887275866e+014
3.96402674567554e+002 1.58208614878489e+014
3.96449695337005e+002 1.49817856020274e+014
3.96496705169424e+002 1.40652688426830e+014
3.96543704062960e+002 1.30780523006650e+014
3.96590692015766e+002 1.20542719752723e+014
3.96637669025992e+002 1.10488912896560e+014
3.96684635091788e+002 1.01283677892098e+014
3.96731590211306e+002 9.36062086649470e+013
3.96778534382697e+002 8.80576351265598e+013
3.96825467604110e+002 8.50855672071462e+013
3.96872389873697e+002 8.49327561660801e+013
3.96919301189609e+002 8.76152608187981e+013
3.96966201549996e+002 9.29331025658293e+013
3.97013090953010e+002 1.00511913265128e+014
3.97059969396801e+002 1.09868116963828e+014
3.97106836879519e+002 1.20484750776736e+014
3.97153693399316e+002 1.31882309324793e+014
3.97200538954343e+002 1.43670319712543e+014
3.97247373542750e+002 1.55570714053601e+014
3.97294197162687e+002 1.67412170205746e+014
3.97341009812307e+002 1.79103117491926e+014
3.97387811489759e+002 1.90597054270164e+014
3.97434602193195e+002 2.01864518728097e+014
3.97481381920764e+002 2.12880630449516e+014
3.97528150670619e+002 2.23627663794674e+014
3.97574908440910e+002 2.34103299167548e+014
3.97621655229786e+002 2.44321864321607e+014
3.97668391035401e+002 2.54300017381434e+014
3.97715115855903e+002 2.64027718770391e+014
3.97761829689445e+002 2.73434854703138e+014
3.97808532534176e+002 2.82368635808569e+014
3.97855224388247e+002 2.90594856434528e+014
3.97901905249810e+002 2.97828486033988e+014
3.97948575117015e+002 3.03789034770341e+014
3.97995233988013e+002 3.08267140256415e+014
3.98041881860954e+002 3.11183706115512e+014
3.98088518733990e+002 3.12623532529028e+014
3.98135144605271e+002 3.12832039615445e+014
3.98181759472949e+002 3.12174615264246e+014
3.98228363335173e+002 3.11069726516365e+014
3.98274956190095e+002 3.09915076287119e+014
3.98321538035865e+002 3.09027855227149e+014
3.98368108870634e+002 3.08614836899204e+014
3.98414668692553e+002 3.08777257047872e+014
3.98461217499774e+002 3.09542405357106e+014
3.98507755290445e+002 3.10903380413877e+014
3.98554282062719e+002 3.12845588943486e+014
3.98600797814747e+002 3.15346331537555e+014
3.98647302544678e+002 3.18350080745586e+014
3.98693796250664e+002 3.21738721047006e+014
3.98740278930855e+002 3.25322505474155e+014
3.98786750583403e+002 3.28867849891031e+014
3.98833211206458e+002 3.32156363159347e+014
3.98879660798171e+002 3.35048576504764e+014
3.98926099356693e+002 3.37519309386571e+014
3.98972526880174e+002 3.39644471850067e+014
3.99018943366765e+002 3.41543980739744e+014
3.99065348814618e+002 3.43307688186497e+014
3.99111743221882e+002 3.44938487349992e+014
3.99158126586709e+002 3.46336469228540e+014
3.99204498907250e+002 3.47327535093460e+014
3.99250860181655e+002 3.47720755585338e+014
3.99297210408075e+002 3.47369827834072e+014
3.99343549584660e+002 3.46217418698853e+014
3.99389877709562e+002 3.44313025644539e+014
3.99436194780932e+002 3.41808050093402e+014
3.99482500796920e+002 3.38939325072826e+014
3.99528795755677e+002 3.36011021811916e+014
3.99575079655354e+002 3.33376464959596e+014
3.99621352494101e+002 3.31412202064417e+014
3.99667614270070e+002 3.30474224970976e+014
3.99713864981411e+002 3.30834416110031e+014
3.99760104626274e+002 3.32610780050970e+014
3.99806333202812e+002 3.35718062348214e+014
3.99852550709174e+002 3.39865467101013e+014
3.99898757143511e+002 3.44611488540834e+014
3.99944952503975e+002 3.49459243098250e+014
3.99991136788715e+002 3.53953941216322e+014
4.00037309995884e+002 3.57741411447154e+014
4.00083472123630e+002 3.60566974893206e+014
4.00129623170106e+002 3.62227839764044e+014
4.00175763133462e+002 3.62520780352019e+014
4.00221892011849e+002 3.61232916772196e+014
4.00268009803418e+002 3.58201395087923e+014
4.00314116506319e+002 3.53427734122604e+014
4.00360212118703e+002 3.47195320799235e+014
4.00406296638722e+002 3.40124587218472e+014
4.00452370064525e+002 3.33119109210490e+014
4.00498432394264e+002 3.27199997208327e+014
4.00544483626089e+002 3.23275043966145e+014
4.00590523758151e+002 3.21919894833688e+014
4.00636552788602e+002 3.23246633888236e+014
4.00682570715591e+002 3.26902134965798e+014
4.00728577537270e+002 3.32190053425862e+014
4.00774573251789e+002 3.38267821406077e+014
4.00820557857300e+002 3.44350079783848e+014
4.00866531351952e+002 3.49857651526140e+014
4.00912493733897e+002 3.54479411956291e+014
4.00958445001286e+002 3.58149171286259e+014
4.01004385152269e+002 3.60966771077231e+014
4.01050314184997e+002 3.63103483748909e+014
4.01096232097621e+002 3.64725887423102e+014
4.01142138888291e+002 3.65955633447827e+014
4.01188034555160e+002 3.66863783475877e+014
4.01233919096376e+002 3.67485409403247e+014
4.01279792510092e+002 3.67836925050913e+014
4.01325654794457e+002 3.67924658373000e+014
4.01371505947623e+002 3.67744212306835e+014
4.01417345967741e+002 3.67279890005784e+014
4.01463174852961e+002 3.66515987275861e+014
4.01508992601434e+002 3.65464682905558e+014
4.01554799211310e+002 3.64201786627861e+014
4.01600594680742e+002 3.62889911195554e+014
4.01646379007878e+002 3.61767638544401e+014
4.01692152190871e+002 3.61096570745485e+014
4.01737914227871e+002 3.61080353954827e+014
4.01783665117029e+002 3.61788431487410e+014
4.01829404856496e+002 3.63120245819975e+014
4.01875133444421e+002 3.64829205054422e+014
4.01920850878957e+002 3.66597944054493e+014
4.01966557158254e+002 3.68132459875936e+014
4.02012252280463e+002 3.69235782715808e+014
4.02057936243734e+002 3.69835121290887e+014
4.02103609046218e+002 3.69961493323283e+014
4.02149270686067e+002 3.69703392158777e+014
4.02194921161430e+002 3.69164361326705e+014
4.02240560470460e+002 3.68445636354784e+014
4.02286188611305e+002 3.67655897019758e+014
4.02331805582118e+002 3.66932066401359e+014
4.02377411381049e+002 3.66447753693017e+014
4.02423006006249e+002 3.66392459906505e+014
4.02468589455869e+002 3.66920636411625e+014
4.02514161728059e+002 3.68086210995924e+014
4.02559722820971e+002 3.69787039840485e+014
4.02605272732754e+002 3.71741653279920e+014
4.02650811461560e+002 3.73510174323316e+014
4.02696339005540e+002 3.74558186499824e+014
4.02741855362844e+002 3.74351546728891e+014
4.02787360531624e+002 3.72463396958823e+014
4.02832854510029e+002 3.68671246253945e+014
4.02878337296212e+002 3.63021519829063e+014
4.02923808888321e+002 3.55842936510930e+014
4.02969269284510e+002 3.47700581764354e+014
4.03014718482927e+002 3.39299023291813e+014
4.03060156481724e+002 3.31359931890692e+014
4.03105583279052e+002 3.24509145777884e+014
4.03150998873062e+002 3.19203970835963e+014
4.03196403261904e+002 3.15714566220515e+014
4.03241796443729e+002 3.14151587396903e+014
4.03287178416688e+002 3.14516297234585e+014
4.03332549178932e+002 3.16745810430697e+014
4.03377908728611e+002 3.20734636681563e+014
4.03423257063877e+002 3.26328213777043e+014
4.03468594182879e+002 3.33297543888904e+014
4.03513920083770e+002 3.41311693814965e+014
4.03559234764699e+002 3.49925717787269e+014
4.03604538223817e+002 3.58596700102213e+014
4.03649830459276e+002 3.66732096471330e+014
4.03695111469226e+002 3.73764566038634e+014
4.03740381251818e+002 3.79238378417603e+014
4.03785639805202e+002 3.82886595791506e+014
4.03830887127530e+002 3.84677267890137e+014
4.03876123216952e+002 3.84811494359977e+014
4.03921348071619e+002 3.83665944487751e+014
4.03966561689682e+002 3.81686047814749e+014
4.04011764069291e+002 3.79251360525219e+014
4.04056955208598e+002 3.76547926258489e+014
4.04102135105753e+002 3.73488714341816e+014
4.04147303758906e+002 3.69717415089237e+014
4.04192461166210e+002 3.64710965780318e+014
4.04237607325814e+002 3.57965648317768e+014
4.04282742235869e+002 3.49219762458875e+014
4.04327865894527e+002 3.38644899848943e+014
4.04372978299938e+002 3.26937675213715e+014
4.04418079450252e+002 3.15267581859572e+014
4.04463169343620e+002 3.05078796999831e+014
4.04508247978194e+002 2.97791174920518e+014
4.04553315352124e+002 2.94481854572666e+014
4.04598371463561e+002 2.95639704609757e+014
4.04643416310656e+002 3.01064164104411e+014
4.04688449891559e+002 3.09933634091714e+014
4.04733472204421e+002 3.21013306932095e+014
4.04778483247394e+002 3.32929893077440e+014
4.04823483018627e+002 3.44427899991875e+014
4.04868471516272e+002 3.54542274124509e+014
4.04913448738479e+002 3.62663491465970e+014
4.04958414683399e+002 3.68512956598974e+014
4.05003369349184e+002 3.72070600563711e+014
4.05048312733983e+002 3.73496205938459e+014
4.05093244835948e+002 3.73067958360799e+014
4.05138165653229e+002 3.71140237004348e+014
4.05183075183977e+002 3.68110001752913e+014
4.05227973426344e+002 3.64381283110007e+014
4.05272860378479e+002 3.60325615361688e+014
4.05317736038533e+002 3.56244777341342e+014
4.05362600404658e+002 3.52345442921009e+014
4.05407453475004e+002 3.48733012948056e+014
4.05452295247722e+002 3.45427112162166e+014
4.05497125720963e+002 3.42396641290020e+014
4.05541944892877e+002 3.39608102579098e+014
4.05586752761615e+002 3.37076089248609e+014
4.05631549325329e+002 3.34899839233914e+014
4.05676334582168e+002 3.33267935434402e+014
4.05721108530284e+002 3.32418800404445e+014
4.05765871167828e+002 3.32558811523416e+014
4.05810622492949e+002 3.33758429859757e+014
4.05855362503800e+002 3.35861444837980e+014
4.05900091198531e+002 3.38445370084002e+014
4.05944808575292e+002 3.40859183278619e+014
4.05989514632235e+002 3.42341392972026e+014
4.06034209367510e+002 3.42194879439204e+014
4.06078892779267e+002 3.39973927752251e+014
4.06123564865659e+002 3.35630058194314e+014
4.06168225624835e+002 3.29569796027189e+014
4.06212875054947e+002 3.22598878501328e+014
4.06257513154145e+002 3.15759209242995e+014
4.06302139920579e+002 3.10098816044384e+014
4.06346755352402e+002 3.06439776957321e+014
4.06391359447763e+002 3.05213578638641e+014
4.06435952204813e+002 3.06412508456196e+014
4.06480533621704e+002 3.09664661834047e+014
4.06525103696585e+002 3.14394572637430e+014
4.06569662427608e+002 3.20001175135115e+014
4.06614209812924e+002 3.25984057005303e+014
4.06658745850683e+002 3.31978455839289e+014
4.06703270539036e+002 3.37705302959758e+014
4.06747783876133e+002 3.42883040283436e+014
4.06792285860127e+002 3.47164196043311e+014
4.06836776489167e+002 3.50144998266241e+014
4.06881255761404e+002 3.51458302471915e+014
4.06925723674989e+002 3.50916533231992e+014
4.06970180228073e+002 3.48641753478247e+014
4.07014625418807e+002 3.45117501518689e+014
4.07059059245341e+002 3.41123320469005e+014
4.07103481705826e+002 3.37557769248382e+014
4.07147892798414e+002 3.35200999114211e+014
4.07192292521254e+002 3.34494853587109e+014
4.07236680872497e+002 3.35415374109806e+014
4.07281057850295e+002 3.37480719491953e+014
4.07325423452798e+002 3.39890273630227e+014
4.07369777678158e+002 3.41747755588172e+014
4.07414120524523e+002 3.42298718885317e+014
4.07458451990047e+002 3.41116650182348e+014
4.07502772072879e+002 3.38195959663755e+014
4.07547080771169e+002 3.33941724525231e+014
4.07591378083070e+002 3.29072856428105e+014
4.07635664006732e+002 3.24470977072309e+014
4.07679938540305e+002 3.21011538037195e+014
4.07724201681940e+002 3.19409885857879e+014
4.07768453429788e+002 3.20106646513769e+014
4.07812693782001e+002 3.23206433182508e+014
4.07856922736727e+002 3.28473213858082e+014
4.07901140292120e+002 3.35376489777465e+014
4.07945346446328e+002 3.43176308956813e+014
4.07989541197504e+002 3.51032520879844e+014
4.08033724543797e+002 3.58123537599325e+014
4.08077896483360e+002 3.63760415586239e+014
4.08122057014341e+002 3.67482275358366e+014
4.08166206134893e+002 3.69119532643427e+014
4.08210343843165e+002 3.68813894524592e+014
4.08254470137310e+002 3.66989881499465e+014
4.08298585015477e+002 3.64281332829936e+014
4.08342688475817e+002 3.61425575534592e+014
4.08386780516482e+002 3.59144614061189e+014
4.08430861135621e+002 3.58034643657257e+014
4.08474930331387e+002 3.58482166313285e+014
4.08518988101929e+002 3.60618415945597e+014
4.08563034445398e+002 3.64315972029964e+014
4.08607069359945e+002 3.69224267908743e+014
4.08651092843721e+002 3.74835223327609e+014
4.08695104894877e+002 3.80566696078556e+014
4.08739105511563e+002 3.85849790812907e+014
4.08783094691931e+002 3.90206351100286e+014
4.08827072434131e+002 3.93305386245892e+014
