;
; High resolution cross section file : C:/Users/admin/Desktop/1018/new_solar.txt
; Calibration file : C:/Users/admin/Desktop/1018/SN1804011U1/Hg_U0008499_calibrated_solar.clb
; Shift applied : 0 nm
; Convolution type : Standard convolution
; Slit function type : Gaussian (FTS) 
; Gaussian FWHM : 0.536
;
; Columns description :
; Column 1 : calibration;
; Column 2 : convoluted cross section;
;
2.97491864652239e+002 4.79379038886389e+013
2.97555376277378e+002 5.01849643356284e+013
2.97618880245981e+002 5.19276710202579e+013
2.97682376556197e+002 5.29133765303666e+013
2.97745865206179e+002 5.29691863166156e+013
2.97809346194076e+002 5.20396909542042e+013
2.97872819518039e+002 5.02000028756371e+013
2.97936285176219e+002 4.76397403173159e+013
2.97999743166768e+002 4.46231662656815e+013
2.98063193487835e+002 4.14391979659261e+013
2.98126636137571e+002 3.83575242907526e+013
2.98190071114128e+002 3.56019703098897e+013
2.98253498415656e+002 3.33427215320183e+013
2.98316918040306e+002 3.17007655955034e+013
2.98380329986229e+002 3.07551484335439e+013
2.98443734251575e+002 3.05465479686415e+013
2.98507130834496e+002 3.10759167173324e+013
2.98570519733141e+002 3.23004775536373e+013
2.98633900945662e+002 3.41295906594575e+013
2.98697274470210e+002 3.64217194890506e+013
2.98760640304936e+002 3.89838924389573e+013
2.98823998447989e+002 4.15774887183392e+013
2.98887348897522e+002 4.39362831678331e+013
2.98950691651684e+002 4.58008083646111e+013
2.99014026708628e+002 4.69662778646537e+013
2.99077354066502e+002 4.73326718317375e+013
2.99140673723459e+002 4.69401208995733e+013
2.99203985677648e+002 4.59736493037392e+013
2.99267289927222e+002 4.47285767970283e+013
2.99330586470330e+002 4.35392590296168e+013
2.99393875305123e+002 4.26867028842378e+013
2.99457156429753e+002 4.23116042637493e+013
2.99520429842369e+002 4.23636939459848e+013
2.99583695541123e+002 4.26110626383346e+013
2.99646953524166e+002 4.27134880807459e+013
2.99710203789648e+002 4.23382243385947e+013
2.99773446335720e+002 4.12773351739945e+013
2.99836681160533e+002 3.95233313961709e+013
2.99899908262238e+002 3.72768383779357e+013
2.99963127638985e+002 3.48878039980739e+013
3.00026339288925e+002 3.27562028933776e+013
3.00089543210210e+002 3.12281271578014e+013
3.00152739400989e+002 3.05169244071913e+013
3.00215927859414e+002 3.06641583795752e+013
3.00279108583636e+002 3.15418037391728e+013
3.00342281571804e+002 3.28903720684969e+013
3.00405446822071e+002 3.43851856961803e+013
3.00468604332587e+002 3.57191154945344e+013
3.00531754101502e+002 3.66829232157849e+013
3.00594896126967e+002 3.72187607194759e+013
3.00658030407134e+002 3.74259793790983e+013
3.00721156940153e+002 3.75140738744678e+013
3.00784275724174e+002 3.77194808556923e+013
3.00847386757349e+002 3.82192974831389e+013
3.00910490037829e+002 3.90759247312674e+013
3.00973585563763e+002 4.02309105296427e+013
3.01036673333304e+002 4.15424211187225e+013
3.01099753344601e+002 4.28419677311826e+013
3.01162825595805e+002 4.39819094556874e+013
3.01225890085069e+002 4.48563064632623e+013
3.01288946810541e+002 4.53954875944393e+013
3.01351995770373e+002 4.55482036191685e+013
3.01415036962715e+002 4.52679992306656e+013
3.01478070385720e+002 4.45137660812843e+013
3.01541096037536e+002 4.32646393647451e+013
3.01604113916316e+002 4.15424284506810e+013
3.01667124020209e+002 3.94326837054765e+013
3.01730126347367e+002 3.70966656146477e+013
3.01793120895941e+002 3.47682962230821e+013
3.01856107664080e+002 3.27316609668807e+013
3.01919086649937e+002 3.12772771622885e+013
3.01982057851662e+002 3.06415318631072e+013
3.02045021267405e+002 3.09435628699884e+013
3.02107976895317e+002 3.21428552884302e+013
3.02170924733550e+002 3.40411173608931e+013
3.02233864780254e+002 3.63381135808467e+013
3.02296797033579e+002 3.87263051355870e+013
3.02359721491677e+002 4.09862610801892e+013
3.02422638152699e+002 4.30392347479258e+013
3.02485547014794e+002 4.49320475731793e+013
3.02548448076115e+002 4.67642958886308e+013
3.02611341334811e+002 4.85992209645613e+013
3.02674226789034e+002 5.04081250814639e+013
3.02737104436934e+002 5.20780293778689e+013
3.02799974276662e+002 5.34751312099208e+013
3.02862836306369e+002 5.45247466068059e+013
3.02925690524206e+002 5.52604677985690e+013
3.02988536928323e+002 5.58145277437680e+013
3.03051375516872e+002 5.63548358143156e+013
3.03114206288002e+002 5.70017720455096e+013
3.03177029239866e+002 5.77653773311858e+013
3.03239844370613e+002 5.85302126028897e+013
3.03302651678394e+002 5.90914472108725e+013
3.03365451161361e+002 5.92252173094691e+013
3.03428242817664e+002 5.87667905356249e+013
3.03491026645453e+002 5.76711281636463e+013
3.03553802642880e+002 5.60373717182065e+013
3.03616570808096e+002 5.40886548735793e+013
3.03679331139251e+002 5.21117031733193e+013
3.03742083634495e+002 5.03760760358769e+013
3.03804828291981e+002 4.90643055654320e+013
3.03867565109858e+002 4.82421984739692e+013
3.03930294086278e+002 4.78795697389621e+013
3.03993015219390e+002 4.79043135549998e+013
3.04055728507347e+002 4.82542713308954e+013
3.04118433948298e+002 4.88949739634790e+013
3.04181131540395e+002 4.97954087821808e+013
3.04243821281788e+002 5.08826786641858e+013
3.04306503170628e+002 5.20112400032093e+013
3.04369177205066e+002 5.29747737858238e+013
3.04431843383253e+002 5.35642938855782e+013
3.04494501703339e+002 5.36494197668177e+013
3.04557152163475e+002 5.32449474216453e+013
3.04619794761813e+002 5.25288345681629e+013
3.04682429496502e+002 5.17982243789910e+013
3.04745056365694e+002 5.13773760162966e+013
3.04807675367540e+002 5.15123432321627e+013
3.04870286500190e+002 5.22918615391592e+013
3.04932889761794e+002 5.36207525530462e+013
3.04995485150505e+002 5.52495526009150e+013
3.05058072664472e+002 5.68441866718349e+013
3.05120652301847e+002 5.80701077154664e+013
3.05183224060779e+002 5.86661831897490e+013
3.05245787939421e+002 5.84903414700224e+013
3.05308343935923e+002 5.75287864766751e+013
3.05370892048435e+002 5.58729080313413e+013
3.05433432275108e+002 5.36803424016462e+013
3.05495964614094e+002 5.11422247284661e+013
3.05558489063542e+002 4.84713859323250e+013
3.05621005621604e+002 4.59081218177153e+013
3.05683514286431e+002 4.37230447313916e+013
3.05746015056173e+002 4.21938488441646e+013
3.05808507928981e+002 4.15484960313807e+013
3.05870992903006e+002 4.18918096741304e+013
3.05933469976399e+002 4.31493718219361e+013
3.05995939147310e+002 4.50605217155800e+013
3.06058400413891e+002 4.72318823588176e+013
3.06120853774291e+002 4.92356663422384e+013
3.06183299226663e+002 5.07175901097841e+013
3.06245736769156e+002 5.14769157965509e+013
3.06308166399921e+002 5.14957677650434e+013
3.06370588117110e+002 5.09175705632292e+013
3.06433001918873e+002 4.99928556054768e+013
3.06495407803360e+002 4.90161047768932e+013
3.06557805768723e+002 4.82698462817698e+013
3.06620195813113e+002 4.79802449259019e+013
3.06682577934680e+002 4.82820545813711e+013
3.06744952131574e+002 4.91938137820804e+013
3.06807318401948e+002 5.06112245598749e+013
3.06869676743951e+002 5.23282995186403e+013
3.06932027155734e+002 5.40872348393974e+013
3.06994369635449e+002 5.56436442533826e+013
3.07056704181245e+002 5.68242045811043e+013
3.07119030791274e+002 5.75566244430372e+013
3.07181349463687e+002 5.78658003550934e+013
3.07243660196634e+002 5.78457236171785e+013
3.07305962988266e+002 5.76242271683538e+013
3.07368257836734e+002 5.73338731312185e+013
3.07430544740189e+002 5.70924384283349e+013
3.07492823696781e+002 5.69891315396646e+013
3.07555094704661e+002 5.70725207391747e+013
3.07617357761981e+002 5.73409778649434e+013
3.07679612866890e+002 5.77405077297433e+013
3.07741860017540e+002 5.81745999333202e+013
3.07804099212082e+002 5.85271815063419e+013
3.07866330448665e+002 5.86956185672961e+013
3.07928553725442e+002 5.86270349895215e+013
3.07990769040562e+002 5.83474289234874e+013
3.08052976392177e+002 5.79702479122091e+013
3.08115175778438e+002 5.76732063023112e+013
3.08177367197495e+002 5.76425679513889e+013
3.08239550647498e+002 5.80005461430482e+013
3.08301726126600e+002 5.87449235999343e+013
3.08363893632950e+002 5.97303689356303e+013
3.08426053164699e+002 6.07047780591906e+013
3.08488204719998e+002 6.13882712661903e+013
3.08550348296999e+002 6.15612328477481e+013
3.08612483893851e+002 6.11234626623457e+013
3.08674611508706e+002 6.01020859038714e+013
3.08736731139714e+002 5.86126443570371e+013
3.08798842785026e+002 5.68004744392816e+013
3.08860946442793e+002 5.47954939184725e+013
3.08923042111165e+002 5.27005893777389e+013
3.08985129788294e+002 5.06107749290116e+013
3.09047209472331e+002 4.86411858345400e+013
3.09109281161425e+002 4.69374213013143e+013
3.09171344853728e+002 4.56534081440572e+013
3.09233400547391e+002 4.49025475047736e+013
3.09295448240565e+002 4.47057377182979e+013
3.09357487931399e+002 4.49648491901976e+013
3.09419519618046e+002 4.54790311810157e+013
3.09481543298655e+002 4.59996327648281e+013
3.09543558971378e+002 4.63000555598318e+013
3.09605566634366e+002 4.62315722884684e+013
3.09667566285768e+002 4.57481037068792e+013
3.09729557923737e+002 4.49029970907774e+013
3.09791541546422e+002 4.38338858769978e+013
3.09853517151975e+002 4.27486224979888e+013
3.09915484738546e+002 4.19106124680600e+013
3.09977444304287e+002 4.16101731888028e+013
3.10039395847347e+002 4.21119254889069e+013
3.10101339365878e+002 4.35858500745048e+013
3.10163274858031e+002 4.60481516379866e+013
3.10225202321955e+002 4.93422388283500e+013
3.10287121755803e+002 5.31746530727689e+013
3.10349033157725e+002 5.71942486755511e+013
3.10410936525872e+002 6.10815605427644e+013
3.10472831858394e+002 6.46118891708339e+013
3.10534719153442e+002 6.76715909837105e+013
3.10596598409168e+002 7.02322230551802e+013
3.10658469623721e+002 7.23067302407609e+013
3.10720332795253e+002 7.39154657809840e+013
3.10782187921914e+002 7.50773882923475e+013
3.10844035001855e+002 7.58225315040644e+013
3.10905874033228e+002 7.62081483497270e+013
3.10967705014182e+002 7.63205688068907e+013
3.11029527942869e+002 7.62565364272276e+013
3.11091342817439e+002 7.60927582784532e+013
3.11153149636044e+002 7.58604605957918e+013
3.11214948396833e+002 7.55383103471350e+013
3.11276739097959e+002 7.50658445914258e+013
3.11338521737570e+002 7.43690724400349e+013
3.11400296313820e+002 7.33866803178303e+013
3.11462062824857e+002 7.20892381317722e+013
3.11523821268833e+002 7.04897522346956e+013
3.11585571643899e+002 6.86468811426990e+013
3.11647313948206e+002 6.66615651898485e+013
3.11709048179903e+002 6.46667917132948e+013
3.11770774337143e+002 6.28112377529776e+013
3.11832492418076e+002 6.12398384706109e+013
3.11894202420852e+002 6.00752111635271e+013
3.11955904343623e+002 5.94021377086941e+013
3.12017598184540e+002 5.92549159175286e+013
3.12079283941752e+002 5.96074153446276e+013
3.12140961613411e+002 6.03688596283744e+013
3.12202631197668e+002 6.13916896734842e+013
3.12264292692673e+002 6.24967712414223e+013
3.12325946096577e+002 6.35137972035754e+013
3.12387591407532e+002 6.43244779615814e+013
3.12449228623687e+002 6.48902970295827e+013
3.12510857743194e+002 6.52509703753888e+013
3.12572478764203e+002 6.54933828699745e+013
3.12634091684865e+002 6.57057906323272e+013
3.12695696503332e+002 6.59389615465273e+013
3.12757293217753e+002 6.61905833759347e+013
3.12818881826279e+002 6.64158674698368e+013
3.12880462327062e+002 6.65546617994485e+013
3.12942034718253e+002 6.65604479007301e+013
3.13003598998001e+002 6.64200779777311e+013
3.13065155164458e+002 6.61605676331919e+013
3.13126703215774e+002 6.58453210669504e+013
3.13188243150101e+002 6.55641820436221e+013
3.13249774965588e+002 6.54204794414469e+013
3.13311298660388e+002 6.55162765526024e+013
3.13372814232650e+002 6.59362830576540e+013
3.13434321680526e+002 6.67316094515281e+013
3.13495821002166e+002 6.79057349296199e+013
3.13557312195721e+002 6.94056341263384e+013
3.13618795259342e+002 7.11205464932643e+013
3.13680270191180e+002 7.28894988213325e+013
3.13741736989385e+002 7.45166988033097e+013
3.13803195652108e+002 7.57919097164813e+013
3.13864646177501e+002 7.65121318762387e+013
3.13926088563713e+002 7.65025755319073e+013
3.13987522808895e+002 7.56384368742145e+013
3.14048948911199e+002 7.38710747342112e+013
3.14110366868776e+002 7.12588754150371e+013
3.14171776679775e+002 6.79941130108295e+013
3.14233178342348e+002 6.44083132742958e+013
3.14294571854645e+002 6.09388455325582e+013
3.14355957214818e+002 5.80530775077620e+013
3.14417334421017e+002 5.61478802294338e+013
3.14478703471393e+002 5.54584245644398e+013
3.14540064364097e+002 5.60096916364650e+013
3.14601417097279e+002 5.76262376568772e+013
3.14662761669091e+002 5.99912926530863e+013
3.14724098077682e+002 6.27293316602506e+013
3.14785426321205e+002 6.54841484976026e+013
3.14846746397809e+002 6.79740051552211e+013
3.14908058305646e+002 7.00177758238108e+013
3.14969362042866e+002 7.15344479323775e+013
3.15030657607620e+002 7.25220818494270e+013
3.15091944998058e+002 7.30241238364456e+013
3.15153224212333e+002 7.30926436262985e+013
3.15214495248594e+002 7.27587570696198e+013
3.15275758104992e+002 7.20184924244634e+013
3.15337012779678e+002 7.08376198609660e+013
3.15398259270803e+002 6.91733198230669e+013
3.15459497576518e+002 6.70059764876350e+013
3.15520727694972e+002 6.43715996716758e+013
3.15581949624319e+002 6.13844388104609e+013
3.15643163362707e+002 5.82407634319315e+013
3.15704368908288e+002 5.51994234485290e+013
3.15765566259212e+002 5.25422805332069e+013
3.15826755413631e+002 5.05250892442099e+013
3.15887936369695e+002 4.93328949459576e+013
3.15949109125554e+002 4.90514077905026e+013
3.16010273679361e+002 4.96589552639987e+013
3.16071430029265e+002 5.10370002196974e+013
3.16132578173417e+002 5.29942562431106e+013
3.16193718109969e+002 5.52998087234743e+013
3.16254849837070e+002 5.77212418966650e+013
3.16315973352872e+002 6.00623154138645e+013
3.16377088655526e+002 6.21924183088747e+013
3.16438195743182e+002 6.40603328715317e+013
3.16499294613990e+002 6.56896598404584e+013
3.16560385266103e+002 6.71602589094338e+013
3.16621467697670e+002 6.85842199444271e+013
3.16682541906843e+002 7.00830493466774e+013
3.16743607891772e+002 7.17669522929959e+013
3.16804665650608e+002 7.37131055772337e+013
3.16865715181502e+002 7.59420262328285e+013
3.16926756482604e+002 7.83981866082361e+013
3.16987789552066e+002 8.09464371102465e+013
3.17048814388038e+002 8.33933245222971e+013
3.17109830988671e+002 8.55314916088657e+013
3.17170839352115e+002 8.71921267811357e+013
3.17231839476523e+002 8.82834378206542e+013
3.17292831360043e+002 8.87974612379896e+013
3.17353815000828e+002 8.87817415967290e+013
3.17414790397028e+002 8.82896175345447e+013
3.17475757546793e+002 8.73344247010677e+013
3.17536716448275e+002 8.58726419595488e+013
3.17597667099624e+002 8.38279782965341e+013
3.17658609498991e+002 8.11480904308149e+013
3.17719543644527e+002 7.78680112241368e+013
3.17780469534383e+002 7.41490815695563e+013
3.17841387166710e+002 7.02727211972723e+013
3.17902296539657e+002 6.65893626932718e+013
3.17963197651377e+002 6.34429040450454e+013
3.18024090500019e+002 6.10997375255334e+013
3.18084975083735e+002 5.97057075540088e+013
3.18145851400676e+002 5.92794854178503e+013
3.18206719448992e+002 5.97359445716298e+013
3.18267579226834e+002 6.09250443641639e+013
3.18328430732352e+002 6.26717332615270e+013
3.18389273963698e+002 6.48070966467419e+013
3.18450108919023e+002 6.71860185791393e+013
3.18510935596477e+002 6.96898111792821e+013
3.18571753994210e+002 7.22144097610577e+013
3.18632564110375e+002 7.46480295065078e+013
3.18693365943121e+002 7.68474702638648e+013
3.18754159490599e+002 7.86272042265867e+013
3.18814944750961e+002 7.97752457456736e+013
3.18875721722356e+002 8.01009326068866e+013
3.18936490402936e+002 7.95036339083284e+013
3.18997250790852e+002 7.80357968483675e+013
3.19058002884254e+002 7.59288698632489e+013
3.19118746681293e+002 7.35622530172749e+013
3.19179482180120e+002 7.13797314923359e+013
3.19240209378886e+002 6.97824974524444e+013
3.19300928275741e+002 6.90390766353548e+013
3.19361638868836e+002 6.92436766284111e+013
3.19422341156323e+002 7.03306383972695e+013
3.19483035136351e+002 7.21274141028356e+013
3.19543720807072e+002 7.44157278244988e+013
3.19604398166636e+002 7.69760105851728e+013
3.19665067213195e+002 7.96080645634370e+013
3.19725727944898e+002 8.21381252013148e+013
3.19786380359898e+002 8.44277038678648e+013
3.19847024456344e+002 8.63909372922568e+013
3.19907660232387e+002 8.80130647325794e+013
3.19968287686179e+002 8.93549561850764e+013
3.20028906815869e+002 9.05334090831767e+013
3.20089517619609e+002 9.16803197253731e+013
3.20150120095550e+002 9.28958388142528e+013
3.20210714241842e+002 9.42133393475436e+013
3.20271300056637e+002 9.55870158667905e+013
3.20331877538084e+002 9.69020422468562e+013
3.20392446684335e+002 9.79992184809792e+013
3.20453007493540e+002 9.87041623115198e+013
3.20513559963851e+002 9.88542368357203e+013
3.20574104093418e+002 9.83210823370394e+013
3.20634639880392e+002 9.70295066946919e+013
3.20695167322923e+002 9.49731065117540e+013
3.20755686419163e+002 9.22243436620421e+013
3.20816197167262e+002 8.89346510858780e+013
3.20876699565371e+002 8.53210294008925e+013
3.20937193611641e+002 8.16398050429949e+013
3.20997679304223e+002 7.81533741342664e+013
3.21058156641267e+002 7.50985470961886e+013
3.21118625620925e+002 7.26637746275441e+013
3.21179086241346e+002 7.09780730042179e+013
3.21239538500682e+002 7.01097646899820e+013
3.21299982397084e+002 7.00708630665772e+013
3.21360417928702e+002 7.08236723231042e+013
3.21420845093687e+002 7.22882845909425e+013
3.21481263890191e+002 7.43507466260480e+013
3.21541674316363e+002 7.68708402844938e+013
3.21602076370354e+002 7.96872415026698e+013
3.21662470050316e+002 8.26188581811086e+013
3.21722855354399e+002 8.54650980337141e+013
3.21783232280754e+002 8.80120133511994e+013
3.21843600827532e+002 9.00513983894449e+013
3.21903960992883e+002 9.14137962738463e+013
3.21964312774959e+002 9.20064782536363e+013
3.22024656171909e+002 9.18398902249210e+013
3.22084991181886e+002 9.10266675569228e+013
3.22145317803039e+002 8.97476695335953e+013
3.22205636033520e+002 8.81952275399212e+013
3.22265945871479e+002 8.65164751253475e+013
3.22326247315067e+002 8.47813509743218e+013
3.22386540362434e+002 8.29885506655798e+013
3.22446825011733e+002 8.11042305610523e+013
3.22507101261113e+002 7.91132151809199e+013
3.22567369108725e+002 7.70590077138909e+013
3.22627628552720e+002 7.50572829345245e+013
3.22687879591249e+002 7.32807004887770e+013
3.22748122222462e+002 7.19226853350948e+013
3.22808356444511e+002 7.11511729491323e+013
3.22868582255546e+002 7.10628848060710e+013
3.22928799653718e+002 7.16484902905707e+013
3.22989008637178e+002 7.27795979586608e+013
3.23049209204076e+002 7.42265848637656e+013
3.23109401352564e+002 7.57085470793254e+013
3.23169585080792e+002 7.69642336730226e+013
3.23229760386911e+002 7.78217535740026e+013
3.23289927269071e+002 7.82422633068524e+013
3.23350085725424e+002 7.83217489352817e+013
3.23410235754120e+002 7.82516906955464e+013
3.23470377353311e+002 7.82554741954668e+013
3.23530510521146e+002 7.85250029770054e+013
3.23590635255777e+002 7.91782195361595e+013
3.23650751555354e+002 8.02463851399476e+013
3.23710859418029e+002 8.16867553024213e+013
3.23770958841952e+002 8.34080287395671e+013
3.23831049825273e+002 8.52955484851815e+013
3.23891132366144e+002 8.72292826820842e+013
3.23951206462716e+002 8.90954380570235e+013
3.24011272113139e+002 9.07968330272767e+013
3.24071329315564e+002 9.22651554831906e+013
3.24131378068141e+002 9.34719201141149e+013
3.24191418369022e+002 9.44299696755675e+013
3.24251450216358e+002 9.51789823856763e+013
3.24311473608299e+002 9.57571553450120e+013
3.24371488542996e+002 9.61717280683494e+013
3.24431495018599e+002 9.63855851963739e+013
3.24491493033260e+002 9.63312454914988e+013
3.24551482585130e+002 9.59492860529196e+013
3.24611463672358e+002 9.52337476765619e+013
3.24671436293097e+002 9.42613428918282e+013
3.24731400445496e+002 9.31884181053881e+013
3.24791356127707e+002 9.22158425533457e+013
3.24851303337879e+002 9.15379437462550e+013
3.24911242074166e+002 9.12983040178665e+013
3.24971172334716e+002 9.15696667500061e+013
3.25031094117680e+002 9.23616365003559e+013
3.25091007421210e+002 9.36463575992503e+013
3.25150912243457e+002 9.53856112577015e+013
3.25210808582570e+002 9.75449417120638e+013
3.25270696436701e+002 1.00089258828351e+014
3.25330575804001e+002 1.02965176236983e+014
3.25390446682621e+002 1.06082996783467e+014
3.25450309070710e+002 1.09311878175476e+014
3.25510162966421e+002 1.12494514927518e+014
3.25570008367903e+002 1.15476218333919e+014
3.25629845273308e+002 1.18134353878671e+014
3.25689673680786e+002 1.20393657078102e+014
3.25749493588489e+002 1.22221583556426e+014
3.25809304994566e+002 1.23609787125272e+014
3.25869107897170e+002 1.24555000489301e+014
3.25928902294449e+002 1.25050778095025e+014
3.25988688184556e+002 1.25093298150985e+014
3.26048465565642e+002 1.24696342172983e+014
3.26108234435856e+002 1.23907605777437e+014
3.26167994793350e+002 1.22820288838276e+014
3.26227746636274e+002 1.21576442741235e+014
3.26287489962780e+002 1.20358947275907e+014
3.26347224771018e+002 1.19368624004491e+014
3.26406951059138e+002 1.18785761383328e+014
3.26466668825293e+002 1.18722853117961e+014
3.26526378067631e+002 1.19184020447842e+014
3.26586078784305e+002 1.20049670515923e+014
3.26645770973466e+002 1.21098177194789e+014
3.26705454633263e+002 1.22061979174208e+014
3.26765129761847e+002 1.22700963314326e+014
3.26824796357370e+002 1.22868820121468e+014
3.26884454417982e+002 1.22550967275510e+014
3.26944103941835e+002 1.21863026458080e+014
3.27003744927078e+002 1.21011695984935e+014
3.27063377371862e+002 1.20230944234594e+014
3.27123001274339e+002 1.19713254840294e+014
3.27182616632660e+002 1.19556748444740e+014
3.27242223444974e+002 1.19743750379081e+014
3.27301821709433e+002 1.20155822084944e+014
3.27361411424187e+002 1.20617887016084e+014
3.27420992587388e+002 1.20954712998222e+014
3.27480565197186e+002 1.21040420379596e+014
3.27540129251732e+002 1.20826447680986e+014
3.27599684749176e+002 1.20342797181712e+014
3.27659231687670e+002 1.19677066257583e+014
3.27718770065365e+002 1.18942005848145e+014
3.27778299880410e+002 1.18243493088980e+014
3.27837821130958e+002 1.17657612768419e+014
3.27897333815158e+002 1.17220312635249e+014
3.27956837931161e+002 1.16928246623039e+014
3.28016333477119e+002 1.16746402717118e+014
3.28075820451182e+002 1.16617379363132e+014
3.28135298851500e+002 1.16468762981451e+014
3.28194768676226e+002 1.16218675812154e+014
3.28254229923508e+002 1.15783800640724e+014
3.28313682591499e+002 1.15096119604969e+014
3.28373126678349e+002 1.14131260255920e+014
3.28432562182209e+002 1.12942634675458e+014
3.28491989101229e+002 1.11685971396501e+014
3.28551407433561e+002 1.10615504455074e+014
3.28610817177355e+002 1.10040848599689e+014
3.28670218330761e+002 1.10250714860525e+014
3.28729610891932e+002 1.11427694092488e+014
3.28788994859017e+002 1.13586935590649e+014
3.28848370230168e+002 1.16564650582091e+014
3.28907737003534e+002 1.20062313308142e+014
3.28967095177268e+002 1.23728943567531e+014
3.29026444749519e+002 1.27248767518195e+014
3.29085785718439e+002 1.30402270371738e+014
3.29145118082178e+002 1.33084057050492e+014
3.29204441838887e+002 1.35282121532603e+014
3.29263756986717e+002 1.37038664152188e+014
3.29323063523819e+002 1.38415244275661e+014
3.29382361448343e+002 1.39475676079026e+014
3.29441650758440e+002 1.40286194891059e+014
3.29500931452262e+002 1.40922611344724e+014
3.29560203527958e+002 1.41472544547429e+014
3.29619466983680e+002 1.42025677986791e+014
3.29678721817578e+002 1.42651884898477e+014
3.29737968027804e+002 1.43372916569245e+014
3.29797205612507e+002 1.44137493423480e+014
3.29856434569840e+002 1.44811793250976e+014
3.29915654897952e+002 1.45195547971622e+014
3.29974866594994e+002 1.45065971294074e+014
3.30034069659117e+002 1.44238811572213e+014
3.30093264088473e+002 1.42624641549094e+014
3.30152449881211e+002 1.40257574564187e+014
3.30211627035483e+002 1.37286102287352e+014
3.30270795549439e+002 1.33935120543958e+014
3.30329955421230e+002 1.30461606954846e+014
3.30389106649007e+002 1.27124307792787e+014
3.30448249230921e+002 1.24171959185298e+014
3.30507383165123e+002 1.21837348872690e+014
3.30566508449762e+002 1.20319379492982e+014
3.30625625082991e+002 1.19746232213583e+014
3.30684733062960e+002 1.20131262598375e+014
3.30743832387819e+002 1.21345220758088e+014
3.30802923055720e+002 1.23124821688726e+014
3.30862005064813e+002 1.25121098240220e+014
3.30921078413249e+002 1.26972507058536e+014
3.30980143099179e+002 1.28378507108205e+014
3.31039199120754e+002 1.29152854705700e+014
3.31098246476124e+002 1.29247269489374e+014
3.31157285163440e+002 1.28747140714339e+014
3.31216315180853e+002 1.27846149969940e+014
3.31275336526514e+002 1.26806340657033e+014
3.31334349198574e+002 1.25908352662733e+014
3.31393353195183e+002 1.25397037950224e+014
3.31452348514492e+002 1.25430894468143e+014
3.31511335154652e+002 1.26046750577045e+014
3.31570313113814e+002 1.27150183249642e+014
3.31629282390128e+002 1.28535876303938e+014
3.31688242981746e+002 1.29932818394770e+014
3.31747194886818e+002 1.31061555994689e+014
3.31806138103495e+002 1.31688597420051e+014
3.31865072629927e+002 1.31667098831989e+014
3.31923998464266e+002 1.30959996723906e+014
3.31982915604662e+002 1.29647044507052e+014
3.32041824049267e+002 1.27917748233212e+014
3.32100723796230e+002 1.26048950717803e+014
3.32159614843703e+002 1.24363290756901e+014
3.32218497189836e+002 1.23167772602080e+014
3.32277370832781e+002 1.22681236841907e+014
3.32336235770688e+002 1.22970920289170e+014
3.32395092001707e+002 1.23923365444839e+014
3.32453939523990e+002 1.25267609346916e+014
3.32512778335688e+002 1.26649844168812e+014
3.32571608434951e+002 1.27737122119539e+014
3.32630429819930e+002 1.28314336649873e+014
3.32689242488775e+002 1.28340578702082e+014
3.32748046439638e+002 1.27946795322028e+014
3.32806841670670e+002 1.27378514305158e+014
3.32865628180021e+002 1.26905729703328e+014
3.32924405965842e+002 1.26730636914303e+014
3.32983175026283e+002 1.26921576990670e+014
3.33041935359496e+002 1.27391039576517e+014
3.33100686963631e+002 1.27921423022682e+014
3.33159429836840e+002 1.28229008463832e+014
3.33218163977272e+002 1.28047562399101e+014
3.33276889383079e+002 1.27209413925400e+014
3.33335606052412e+002 1.25703200999337e+014
3.33394313983421e+002 1.23692583951971e+014
3.33453013174257e+002 1.21488540280481e+014
3.33511703623071e+002 1.19479234127705e+014
3.33570385328013e+002 1.18034431424072e+014
3.33629058287235e+002 1.17411916634971e+014
3.33687722498888e+002 1.17695815285490e+014
3.33746377961121e+002 1.18787710050712e+014
3.33805024672086e+002 1.20452969112228e+014
3.33863662629934e+002 1.22404288791295e+014
3.33922291832815e+002 1.24391269114927e+014
3.33980912278880e+002 1.26264579144361e+014
3.34039523966281e+002 1.27995196657114e+014
3.34098126893167e+002 1.29647215515041e+014
3.34156721057690e+002 1.31319066014818e+014
3.34215306458000e+002 1.33076991538559e+014
3.34273883092248e+002 1.34904348474012e+014
3.34332450958586e+002 1.36682411145308e+014
3.34391010055163e+002 1.38206882199337e+014
3.34449560380130e+002 1.39233837374621e+014
3.34508101931639e+002 1.39542542742779e+014
3.34566634707840e+002 1.39000749932320e+014
3.34625158706884e+002 1.37618484117665e+014
3.34683673926922e+002 1.35576797527557e+014
3.34742180366104e+002 1.33219050300716e+014
3.34800678022582e+002 1.30997478656026e+014
3.34859166894505e+002 1.29379988831089e+014
3.34917646980026e+002 1.28739016951336e+014
3.34976118277294e+002 1.29257464091831e+014
3.35034580784460e+002 1.30886175707018e+014
3.35093034499676e+002 1.33369391259233e+014
3.35151479421092e+002 1.36326043694700e+014
3.35209915546859e+002 1.39350612846028e+014
3.35268342875127e+002 1.42091074476853e+014
3.35326761404048e+002 1.44276880024864e+014
3.35385171131772e+002 1.45698042262507e+014
3.35443572056450e+002 1.46161813882279e+014
3.35501964176233e+002 1.45463289238959e+014
3.35560347489271e+002 1.43396994960518e+014
3.35618721993716e+002 1.39814416789721e+014
3.35677087687718e+002 1.34708758691797e+014
3.35735444569428e+002 1.28293277092575e+014
3.35793792636996e+002 1.21038346174377e+014
3.35852131888574e+002 1.13644163237985e+014
3.35910462322313e+002 1.06945689773723e+014
3.35968783936363e+002 1.01767362956269e+014
3.36027096728874e+002 9.87610735380860e+013
3.36085400697998e+002 9.82675222817157e+013
3.36143695841886e+002 1.00236601447806e+014
3.36201982158688e+002 1.04228092021521e+014
3.36260259646555e+002 1.09493630109034e+014
3.36318528303638e+002 1.15120327467092e+014
3.36376788128088e+002 1.20201592665737e+014
3.36435039118055e+002 1.23995754767983e+014
3.36493281271691e+002 1.26038920604452e+014
3.36551514587145e+002 1.26192524164548e+014
3.36609739062569e+002 1.24623484388485e+014
3.36667954696114e+002 1.21730714552401e+014
3.36726161485931e+002 1.18042136082784e+014
3.36784359430169e+002 1.14109548716855e+014
3.36842548526981e+002 1.10424850311601e+014
3.36900728774516e+002 1.07371827897102e+014
3.36958900170926e+002 1.05215690548703e+014
3.37017062714361e+002 1.04120886696986e+014
3.37075216402973e+002 1.04179884256990e+014
3.37133361234911e+002 1.05434183445219e+014
3.37191497208327e+002 1.07874755222335e+014
3.37249624321372e+002 1.11420434465556e+014
3.37307742572196e+002 1.15885060109785e+014
3.37365851958950e+002 1.20952114917049e+014
3.37423952479785e+002 1.26175840772496e+014
3.37482044132852e+002 1.31020269254379e+014
3.37540126916301e+002 1.34935353741320e+014
3.37598200828284e+002 1.37456697129564e+014
3.37656265866951e+002 1.38305924445629e+014
3.37714322030452e+002 1.37464900995416e+014
3.37772369316939e+002 1.35200025593629e+014
3.37830407724563e+002 1.32023162301125e+014
3.37888437251474e+002 1.28592355196102e+014
3.37946457895823e+002 1.25574531026147e+014
3.38004469655761e+002 1.23507213984416e+014
3.38062472529438e+002 1.22699357130395e+014
3.38120466515006e+002 1.23198835123772e+014
3.38178451610615e+002 1.24829539453677e+014
3.38236427814416e+002 1.27275353346426e+014
3.38294395124560e+002 1.30174407549647e+014
3.38352353539198e+002 1.33191592286875e+014
3.38410303056479e+002 1.36055997124140e+014
3.38468243674556e+002 1.38570062951960e+014
3.38526175391579e+002 1.40606419085354e+014
3.38584098205699e+002 1.42103229765793e+014
3.38642012115066e+002 1.43056828314240e+014
3.38699917117832e+002 1.43503524216841e+014
3.38757813212147e+002 1.43487741687246e+014
3.38815700396161e+002 1.43027371141989e+014
3.38873578668027e+002 1.42097636610774e+014
3.38931448025893e+002 1.40651243946728e+014
3.38989308467913e+002 1.38674159652247e+014
3.39047159992235e+002 1.36253472318323e+014
3.39105002597011e+002 1.33621280382352e+014
3.39162836280392e+002 1.31145575758595e+014
3.39220661040528e+002 1.29262837755017e+014
3.39278476875570e+002 1.28374635958563e+014
3.39336283783670e+002 1.28747213171351e+014
3.39394081762977e+002 1.30450807552741e+014
3.39451870811643e+002 1.33356931763902e+014
3.39509650927818e+002 1.37187385255996e+014
3.39567422109654e+002 1.41590252809671e+014
3.39625184355301e+002 1.46212728839628e+014
3.39682937662909e+002 1.50748377035317e+014
3.39740682030630e+002 1.54951771203235e+014
3.39798417456614e+002 1.58628675303940e+014
3.39856143939013e+002 1.61618728489384e+014
3.39913861475976e+002 1.63787185914231e+014
3.39971570065655e+002 1.65033807853366e+014
3.40029269706201e+002 1.65315033614837e+014
3.40086960395764e+002 1.64666253889451e+014
3.40144642132496e+002 1.63209199001998e+014
3.40202314914546e+002 1.61136147791694e+014
3.40259978740065e+002 1.58674092853653e+014
3.40317633607206e+002 1.56041841969174e+014
3.40375279514117e+002 1.53416146384292e+014
3.40432916458951e+002 1.50918182237915e+014
3.40490544439858e+002 1.48622061231331e+014
3.40548163454988e+002 1.46577393717824e+014
3.40605773502493e+002 1.44832386314201e+014
3.40663374580523e+002 1.43444354557858e+014
3.40720966687229e+002 1.42470311233053e+014
3.40778549820761e+002 1.41939184021763e+014
3.40836123979272e+002 1.41816135059248e+014
3.40893689160911e+002 1.41975324763835e+014
3.40951245363829e+002 1.42197899624093e+014
3.41008792586177e+002 1.42205822605067e+014
3.41066330826106e+002 1.41730073247560e+014
3.41123860081766e+002 1.40596906035047e+014
3.41181380351309e+002 1.38803976831885e+014
3.41238891632885e+002 1.36555695313808e+014
3.41296393924645e+002 1.34237880665723e+014
3.41353887224740e+002 1.32333343795204e+014
3.41411371531320e+002 1.31303520313997e+014
3.41468846842537e+002 1.31475279737655e+014
3.41526313156540e+002 1.32969025254311e+014
3.41583770471482e+002 1.35685525675361e+014
3.41641218785512e+002 1.39344580726779e+014
3.41698658096782e+002 1.43551454414053e+014
3.41756088403442e+002 1.47864886802739e+014
3.41813509703643e+002 1.51851735754021e+014
3.41870921995536e+002 1.55128441373272e+014
3.41928325277272e+002 1.57397955845390e+014
3.41985719547001e+002 1.58487783785706e+014
3.42043104802875e+002 1.58383980037543e+014
3.42100481043043e+002 1.57246240583631e+014
3.42157848265657e+002 1.55388597857229e+014
3.42215206468868e+002 1.53220873571504e+014
3.42272555650827e+002 1.51163131819828e+014
3.42329895809683e+002 1.49559771302796e+014
3.42387226943589e+002 1.48623031679331e+014
3.42444549050694e+002 1.48424282001385e+014
3.42501862129150e+002 1.48929910023247e+014
3.42559166177107e+002 1.50057633689815e+014
3.42616461192717e+002 1.51720273235470e+014
3.42673747174129e+002 1.53833254028250e+014
3.42731024119495e+002 1.56285152266996e+014
3.42788292026966e+002 1.58894848830368e+014
3.42845550894692e+002 1.61390322335844e+014
3.42902800720824e+002 1.63435601500786e+014
3.42960041503513e+002 1.64707793279816e+014
3.43017273240910e+002 1.64998096748968e+014
3.43074495931166e+002 1.64293816026654e+014
3.43131709572430e+002 1.62801491521898e+014
3.43188914162855e+002 1.60893527690869e+014
3.43246109700590e+002 1.58992299007345e+014
3.43303296183788e+002 1.57432544125151e+014
3.43360473610597e+002 1.56352686552923e+014
3.43417641979170e+002 1.55653834536557e+014
3.43474801287657e+002 1.55037019249130e+014
3.43531951534209e+002 1.54098164303521e+014
3.43589092716976e+002 1.52441269101993e+014
3.43646224834110e+002 1.49771536976134e+014
3.43703347883761e+002 1.45948296021523e+014
3.43760461864080e+002 1.40999838280101e+014
3.43817566773218e+002 1.35115093329005e+014
3.43874662609325e+002 1.28624872740635e+014
3.43931749370553e+002 1.21974081692690e+014
3.43988827055052e+002 1.15677583815394e+014
3.44045895660973e+002 1.10254791477391e+014
3.44102955186466e+002 1.06150369030520e+014
3.44160005629683e+002 1.03661277121823e+014
3.44217046988775e+002 1.02893779756695e+014
3.44274079261892e+002 1.03764847455847e+014
3.44331102447184e+002 1.06045792269271e+014
3.44388116542803e+002 1.09431034235240e+014
3.44445121546900e+002 1.13608400443434e+014
3.44502117457625e+002 1.18310433907682e+014
3.44559104273129e+002 1.23335566269251e+014
3.44616081991563e+002 1.28539130076223e+014
3.44673050611078e+002 1.33803475663662e+014
3.44730010129824e+002 1.39002010326852e+014
3.44786960545952e+002 1.43973124938086e+014
3.44843901857614e+002 1.48516702237846e+014
3.44900834062959e+002 1.52418700841843e+014
3.44957757160139e+002 1.55499271113582e+014
3.45014671147304e+002 1.57669120762116e+014
3.45071576022605e+002 1.58971206160370e+014
3.45128471784194e+002 1.59585092250984e+014
3.45185358430220e+002 1.59782524928484e+014
3.45242235958835e+002 1.59842723628817e+014
3.45299104368189e+002 1.59956189636989e+014
3.45355963656433e+002 1.60155263062973e+014
3.45412813821719e+002 1.60301383033880e+014
3.45469654862196e+002 1.60135758842296e+014
3.45526486776015e+002 1.59373570742689e+014
3.45583309561328e+002 1.57805460938599e+014
3.45640123216285e+002 1.55371214362771e+014
3.45696927739037e+002 1.52186298815537e+014
3.45753723127735e+002 1.48522207709528e+014
3.45810509380529e+002 1.44755870854608e+014
3.45867286495570e+002 1.41306759307694e+014
3.45924054471010e+002 1.38574795986200e+014
3.45980813304998e+002 1.36884309295815e+014
3.46037562995686e+002 1.36435306241710e+014
3.46094303541225e+002 1.37265715143477e+014
3.46151034939765e+002 1.39234183525815e+014
3.46207757189456e+002 1.42036262216126e+014
3.46264470288451e+002 1.45261777626935e+014
3.46321174234899e+002 1.48487042173873e+014
3.46377869026952e+002 1.51378047377686e+014
3.46434554662760e+002 1.53769890184048e+014
3.46491231140474e+002 1.55691566794240e+014
3.46547898458244e+002 1.57324669057912e+014
3.46604556614222e+002 1.58911028351762e+014
3.46661205606559e+002 1.60644769511935e+014
3.46717845433405e+002 1.62588447993375e+014
3.46774476092911e+002 1.64639912336286e+014
3.46831097583227e+002 1.66554418747704e+014
3.46887709902505e+002 1.68006922620535e+014
3.46944313048895e+002 1.68670216482184e+014
3.47000907020549e+002 1.68286287047546e+014
3.47057491815616e+002 1.66716373040114e+014
3.47114067432248e+002 1.63964444209770e+014
3.47170633868596e+002 1.60176224691477e+014
3.47227191122810e+002 1.55620577721836e+014
3.47283739193041e+002 1.50661463953254e+014
3.47340278077439e+002 1.45726333256816e+014
3.47396807774157e+002 1.41271631665584e+014
3.47453328281344e+002 1.37741370354691e+014
3.47509839597151e+002 1.35514735807584e+014
3.47566341719729e+002 1.34845227190319e+014
3.47622834647229e+002 1.35803835433524e+014
3.47679318377802e+002 1.38245752659419e+014
3.47735792909598e+002 1.41818064430845e+014
3.47792258240768e+002 1.46014105208666e+014
3.47848714369463e+002 1.50263839106068e+014
3.47905161293834e+002 1.54037009166169e+014
3.47961599012032e+002 1.56932927841703e+014
3.48018027522207e+002 1.58737880712422e+014
3.48074446822510e+002 1.59443228939847e+014
3.48130856911092e+002 1.59227700868696e+014
3.48187257786104e+002 1.58412146164523e+014
3.48243649445696e+002 1.57394851879984e+014
3.48300031888020e+002 1.56574197186510e+014
3.48356405111226e+002 1.56266677406834e+014
3.48412769113465e+002 1.56632817573693e+014
3.48469123892887e+002 1.57628414923155e+014
3.48525469447644e+002 1.58999223714068e+014
3.48581805775886e+002 1.60330047010947e+014
3.48638132875765e+002 1.61144181323776e+014
3.48694450745430e+002 1.61030805688920e+014
3.48750759383033e+002 1.59763975303757e+014
3.48807058786724e+002 1.57374919554740e+014
3.48863348954654e+002 1.54152440397012e+014
3.48919629884975e+002 1.50570313797699e+014
3.48975901575836e+002 1.47165812629639e+014
3.49032164025389e+002 1.44408732852683e+014
3.49088417231785e+002 1.42599684451012e+014
3.49144661193173e+002 1.41822053194058e+014
3.49200895907706e+002 1.41952508595326e+014
3.49257121373533e+002 1.42719340495670e+014
3.49313337588806e+002 1.43790370932053e+014
3.49369544551676e+002 1.44870703758803e+014
3.49425742260292e+002 1.45790433199186e+014
3.49481930712807e+002 1.46561741098404e+014
3.49538109907370e+002 1.47386542573596e+014
3.49594279842133e+002 1.48605010042929e+014
3.49650440515246e+002 1.50593258511974e+014
3.49706591924860e+002 1.53639353650553e+014
3.49762734069126e+002 1.57839752605303e+014
3.49818866946195e+002 1.63054159966503e+014
3.49874990554217e+002 1.68934843215304e+014
3.49931104891344e+002 1.75016295241123e+014
3.49987209955725e+002 1.80827563177079e+014
3.50043305745513e+002 1.85984497854881e+014
3.50099392258857e+002 1.90234377684765e+014
3.50155469493909e+002 1.93451570770022e+014
3.50211537448819e+002 1.95605403354069e+014
3.50267596121738e+002 1.96728409055732e+014
3.50323645510816e+002 1.96902805158151e+014
3.50379685614206e+002 1.96263594617243e+014
3.50435716430057e+002 1.95001272397124e+014
3.50491737956520e+002 1.93345418656027e+014
3.50547750191746e+002 1.91523066405305e+014
3.50603753133885e+002 1.89704142537772e+014
3.50659746781090e+002 1.87958373235643e+014
3.50715731131509e+002 1.86245858149017e+014
3.50771706183295e+002 1.84447932051961e+014
3.50827671934598e+002 1.82425161268045e+014
3.50883628383569e+002 1.80077016612542e+014
3.50939575528358e+002 1.77379880591501e+014
3.50995513367116e+002 1.74394590083269e+014
3.51051441897995e+002 1.71252021532842e+014
3.51107361119144e+002 1.68134329581882e+014
3.51163271028715e+002 1.65265061421004e+014
3.51219171624859e+002 1.62907302321369e+014
3.51275062905726e+002 1.61355613189545e+014
3.51330944869467e+002 1.60904626216645e+014
3.51386817514233e+002 1.61787889898578e+014
3.51442680838174e+002 1.64099047311294e+014
3.51498534839442e+002 1.67722973095320e+014
3.51554379516188e+002 1.72307733886658e+014
3.51610214866561e+002 1.77296696990471e+014
3.51666040888713e+002 1.82018861352120e+014
3.51721857580795e+002 1.85814091735966e+014
3.51777664940957e+002 1.88157418350084e+014
3.51833462967350e+002 1.88747364972672e+014
3.51889251658125e+002 1.87536282979127e+014
3.51945031011433e+002 1.84700311107579e+014
3.52000801025425e+002 1.80565740875238e+014
3.52056561698251e+002 1.75520694762311e+014
3.52112313028062e+002 1.69942477437637e+014
3.52168055013010e+002 1.64161462926557e+014
3.52223787651243e+002 1.58465748807499e+014
3.52279510940915e+002 1.53133328063431e+014
3.52335224880175e+002 1.48467267550201e+014
3.52390929467173e+002 1.44808647123084e+014
3.52446624700062e+002 1.42511993274516e+014
3.52502310576992e+002 1.41884311980890e+014
3.52557987096113e+002 1.43105051569977e+014
3.52613654255576e+002 1.46154363539402e+014
3.52669312053532e+002 1.50777311177287e+014
3.52724960488132e+002 1.56502086436444e+014
3.52780599557527e+002 1.62713881454888e+014
3.52836229259868e+002 1.68768357154765e+014
3.52891849593304e+002 1.74115612741533e+014
3.52947460555988e+002 1.78401766404716e+014
3.53003062146069e+002 1.81521594680891e+014
3.53058654361699e+002 1.83609757343574e+014
3.53114237201029e+002 1.84975196496265e+014
3.53169810662208e+002 1.85998790453921e+014
3.53225374743389e+002 1.87024289558504e+014
3.53280929442721e+002 1.88274285104660e+014
3.53336474758356e+002 1.89814908283708e+014
3.53392010688445e+002 1.91576258108031e+014
3.53447537231137e+002 1.93415186089621e+014
3.53503054384585e+002 1.95191062119256e+014
3.53558562146938e+002 1.96821297019168e+014
3.53614060516348e+002 1.98294571085017e+014
3.53669549490965e+002 1.99641395162519e+014
3.53725029068940e+002 2.00883305222071e+014
3.53780499248424e+002 2.01992611938592e+014
3.53835960027568e+002 2.02888341717496e+014
3.53891411404522e+002 2.03473763497039e+014
3.53946853377438e+002 2.03697244387352e+014
3.54002285944465e+002 2.03603776885619e+014
3.54057709103756e+002 2.03347374365897e+014
3.54113122853460e+002 2.03153404534204e+014
3.54168527191728e+002 2.03244816279849e+014
3.54223922116712e+002 2.03763962727787e+014
3.54279307626562e+002 2.04723499157359e+014
3.54334683719429e+002 2.06005698123394e+014
3.54390050393463e+002 2.07407737720958e+014
3.54445407646816e+002 2.08712183365517e+014
3.54500755477638e+002 2.09754547241007e+014
3.54556093884080e+002 2.10464485965262e+014
3.54611422864292e+002 2.10869452280539e+014
3.54666742416427e+002 2.11063357127373e+014
3.54722052538633e+002 2.11153511495918e+014
3.54777353229063e+002 2.11204804867031e+014
3.54832644485867e+002 2.11200253298828e+014
3.54887926307195e+002 2.11031963534837e+014
3.54943198691199e+002 2.10527144322334e+014
3.54998461636030e+002 2.09502448927631e+014
3.55053715139837e+002 2.07830221274239e+014
3.55108959200773e+002 2.05495564718028e+014
3.55164193816987e+002 2.02625151705037e+014
3.55219418986630e+002 1.99476638296907e+014
3.55274634707854e+002 1.96388955041301e+014
3.55329840978809e+002 1.93705712458191e+014
3.55385037797646e+002 1.91693290093339e+014
3.55440225162515e+002 1.90478868342497e+014
3.55495403071568e+002 1.90029277017216e+014
3.55550571522955e+002 1.90178934820654e+014
3.55605730514827e+002 1.90697843439241e+014
3.55660880045335e+002 1.91375230167786e+014
3.55716020112630e+002 1.92087883235900e+014
3.55771150714862e+002 1.92827861766922e+014
3.55826271850182e+002 1.93679702633758e+014
3.55881383516741e+002 1.94755734107620e+014
3.55936485712690e+002 1.96112334693512e+014
3.55991578436180e+002 1.97675655881510e+014
3.56046661685361e+002 1.99202533534005e+014
3.56101735458384e+002 2.00293410426029e+014
3.56156799753400e+002 2.00461406428834e+014
3.56211854568560e+002 1.99246364413015e+014
3.56266899902014e+002 1.96346576570478e+014
3.56321935751914e+002 1.91728472138066e+014
3.56376962116409e+002 1.85672908548037e+014
3.56431978993652e+002 1.78731625848724e+014
3.56486986381792e+002 1.71597826070932e+014
3.56541984278981e+002 1.64930108741858e+014
3.56596972683369e+002 1.59192506564485e+014
3.56651951593108e+002 1.54571081972403e+014
3.56706921006347e+002 1.50997154252565e+014
3.56761880921237e+002 1.48261531794080e+014
3.56816831335930e+002 1.46164798192495e+014
3.56871772248577e+002 1.44635581973961e+014
3.56926703657327e+002 1.43767715547696e+014
3.56981625560332e+002 1.43767840776884e+014
3.57036537955743e+002 1.44846085873435e+014
3.57091440841711e+002 1.47103984758995e+014
3.57146334216385e+002 1.50467708205458e+014
3.57201218077918e+002 1.54687513774898e+014
3.57256092424459e+002 1.59392170045655e+014
3.57310957254160e+002 1.64166086252705e+014
3.57365812565171e+002 1.68614814159692e+014
3.57420658355643e+002 1.72398804951682e+014
3.57475494623727e+002 1.75235886075050e+014
3.57530321367574e+002 1.76888643399383e+014
3.57585138585335e+002 1.77157333054723e+014
3.57639946275160e+002 1.75891962692738e+014
3.57694744435200e+002 1.73024304730955e+014
3.57749533063606e+002 1.68608686169155e+014
3.57804312158528e+002 1.62854268696036e+014
3.57859081718118e+002 1.56132371446051e+014
3.57913841740527e+002 1.48948385429358e+014
3.57968592223904e+002 1.41876957168601e+014
3.58023333166401e+002 1.35469667086420e+014
3.58078064566169e+002 1.30155131933002e+014
3.58132786421359e+002 1.26159098618623e+014
3.58187498730120e+002 1.23472160136932e+014
3.58242201490605e+002 1.21881595867196e+014
3.58296894700963e+002 1.21062774857884e+014
3.58351578359346e+002 1.20702431405371e+014
3.58406252463905e+002 1.20611834517676e+014
3.58460917012790e+002 1.20790735094976e+014
3.58515572004151e+002 1.21422500484471e+014
3.58570217436141e+002 1.22807856381307e+014
3.58624853306909e+002 1.25266130603523e+014
3.58679479614606e+002 1.29039471269687e+014
3.58734096357384e+002 1.34226671060232e+014
3.58788703533392e+002 1.40756334227188e+014
3.58843301140783e+002 1.48394534376780e+014
3.58897889177705e+002 1.56776286873186e+014
3.58952467642311e+002 1.65452778641574e+014
3.59007036532752e+002 1.73951113719789e+014
3.59061595847177e+002 1.81843888595010e+014
3.59116145583738e+002 1.88819942564721e+014
3.59170685740585e+002 1.94739388413435e+014
3.59225216315869e+002 1.99652977712260e+014
3.59279737307742e+002 2.03773223626330e+014
3.59334248714354e+002 2.07401468921617e+014
3.59388750533855e+002 2.10833247939094e+014
3.59443242764396e+002 2.14274273011327e+014
3.59497725404129e+002 2.17794934093223e+014
3.59552198451204e+002 2.21334214513119e+014
3.59606661903772e+002 2.24742623482531e+014
3.59661115759983e+002 2.27838748635025e+014
3.59715560017989e+002 2.30452342259486e+014
3.59769994675940e+002 2.32438498684221e+014
3.59824419731987e+002 2.33665930794543e+014
3.59878835184280e+002 2.33997631281317e+014
3.59933241030972e+002 2.33286504080290e+014
3.59987637270211e+002 2.31399565993096e+014
3.60042023900150e+002 2.28267018850241e+014
3.60096400918939e+002 2.23936143174209e+014
3.60150768324728e+002 2.18603344441400e+014
3.60205126115669e+002 2.12604469192402e+014
3.60259474289912e+002 2.06360072409036e+014
3.60313812845609e+002 2.00290597068860e+014
3.60368141780909e+002 1.94728165677436e+014
3.60422461093964e+002 1.89852905625366e+014
3.60476770782925e+002 1.85673593243235e+014
3.60531070845941e+002 1.82058872237424e+014
3.60585361281165e+002 1.78810619632559e+014
3.60639642086747e+002 1.75758201117133e+014
3.60693913260837e+002 1.72844073524211e+014
3.60748174801587e+002 1.70170772439474e+014
3.60802426707147e+002 1.67989247062729e+014
3.60856668975668e+002 1.66628151019082e+014
3.60910901605301e+002 1.66386702808583e+014
3.60965124594197e+002 1.67430023983140e+014
3.61019337940506e+002 1.69726397253342e+014
3.61073541642379e+002 1.73048516666826e+014
3.61127735697967e+002 1.77032928392565e+014
3.61181920105421e+002 1.81266927475115e+014
3.61236094862891e+002 1.85363048569426e+014
3.61290259968529e+002 1.88992563681740e+014
3.61344415420485e+002 1.91875130179026e+014
3.61398561216910e+002 1.93747929690226e+014
3.61452697355955e+002 1.94350369308248e+014
3.61506823835770e+002 1.93452426300324e+014
3.61560940654506e+002 1.90929992868273e+014
3.61615047810315e+002 1.86861413665459e+014
3.61669145301346e+002 1.81600732644684e+014
3.61723233125751e+002 1.75784798439705e+014
3.61777311281681e+002 1.70253585757217e+014
3.61831379767286e+002 1.65896527814375e+014
3.61885438580717e+002 1.63467917582403e+014
3.61939487720125e+002 1.63428546892098e+014
3.61993527183661e+002 1.65862917658311e+014
3.62047556969475e+002 1.70495260646261e+014
3.62101577075718e+002 1.76793898555821e+014
3.62155587500541e+002 1.84125268901830e+014
3.62209588242095e+002 1.91905834140310e+014
3.62263579298531e+002 1.99705479274134e+014
3.62317560667999e+002 2.07276377455136e+014
3.62371532348650e+002 2.14508682956573e+014
3.62425494338635e+002 2.21338882927207e+014
3.62479446636106e+002 2.27650320548409e+014
3.62533389239211e+002 2.33204324135707e+014
3.62587322146103e+002 2.37626539638943e+014
3.62641245354932e+002 2.40453039039779e+014
3.62695158863849e+002 2.41222459782289e+014
3.62749062671005e+002 2.39589323564829e+014
3.62802956774550e+002 2.35430625633898e+014
3.62856841172636e+002 2.28920211975612e+014
3.62910715863413e+002 2.20550900589864e+014
3.62964580845032e+002 2.11092611145012e+014
3.63018436115643e+002 2.01487353258041e+014
3.63072281673398e+002 1.92698794768323e+014
3.63126117516447e+002 1.85550539068861e+014
3.63179943642941e+002 1.80595353053115e+014
3.63233760051031e+002 1.78050920532676e+014
3.63287566738868e+002 1.77816608967558e+014
3.63341363704602e+002 1.79558352239945e+014
3.63395150946384e+002 1.82827480804133e+014
3.63448928462366e+002 1.87172940691616e+014
3.63502696250697e+002 1.92216082612239e+014
3.63556454309529e+002 1.97676196109532e+014
3.63610202637012e+002 2.03353719851026e+014
3.63663941231298e+002 2.09089423639896e+014
3.63717670090536e+002 2.14720275947799e+014
3.63771389212878e+002 2.20048433315255e+014
3.63825098596475e+002 2.24832560651969e+014
3.63878798239477e+002 2.28803150202277e+014
3.63932488140035e+002 2.31696921390982e+014
3.63986168296301e+002 2.33300584757478e+014
3.64039838706424e+002 2.33492024801651e+014
3.64093499368555e+002 2.32267871501682e+014
3.64147150280846e+002 2.29750282012748e+014
3.64200791441447e+002 2.26171359856684e+014
3.64254422848509e+002 2.21839305520621e+014
3.64308044500182e+002 2.17094747269352e+014
3.64361656394618e+002 2.12267916816206e+014
3.64415258529967e+002 2.07646967359428e+014
3.64468850904381e+002 2.03464565168945e+014
3.64522433516009e+002 1.99904167614311e+014
3.64576006363003e+002 1.97120402751492e+014
3.64629569443513e+002 1.95262206131234e+014
3.64683122755691e+002 1.94485819328660e+014
3.64736666297686e+002 1.94948786525474e+014
3.64790200067651e+002 1.96784430339833e+014
3.64843724063735e+002 2.00065016100093e+014
3.64897238284089e+002 2.04766757125254e+014
3.64950742726865e+002 2.10748937351518e+014
3.65004237390212e+002 2.17754124005674e+014
3.65057722272282e+002 2.25430034989505e+014
3.65111197371226e+002 2.33368941390253e+014
3.65164662685195e+002 2.41158155273524e+014
3.65218118212338e+002 2.48433968467717e+014
3.65271563950807e+002 2.54930081988005e+014
3.65324999898753e+002 2.60510589859667e+014
3.65378426054327e+002 2.65178705967048e+014
3.65431842415679e+002 2.69057099065825e+014
3.65485248980960e+002 2.72343344929101e+014
3.65538645748321e+002 2.75251782008550e+014
3.65592032715913e+002 2.77957331572612e+014
3.65645409881886e+002 2.80555655498650e+014
3.65698777244391e+002 2.83047952960584e+014
3.65752134801580e+002 2.85350592706012e+014
3.65805482551602e+002 2.87323047403707e+014
3.65858820492609e+002 2.88804440967014e+014
3.65912148622751e+002 2.89649691117020e+014
3.65965466940180e+002 2.89759287084618e+014
3.66018775443046e+002 2.89100058895625e+014
3.66072074129499e+002 2.87716125730144e+014
3.66125362997691e+002 2.85729189742748e+014
3.66178642045773e+002 2.83326532664303e+014
3.66231911271894e+002 2.80735416331400e+014
3.66285170674207e+002 2.78185417968145e+014
3.66338420250862e+002 2.75865179595187e+014
3.66391660000009e+002 2.73884745151573e+014
3.66444889919799e+002 2.72256050736707e+014
3.66498110008383e+002 2.70900446203776e+014
3.66551320263913e+002 2.69684106884942e+014
3.66604520684538e+002 2.68472835023784e+014
3.66657711268410e+002 2.67190559794251e+014
3.66710892013679e+002 2.65863345411898e+014
3.66764062918496e+002 2.64633555990362e+014
3.66817223981012e+002 2.63736372745085e+014
3.66870375199378e+002 2.63441590316663e+014
3.66923516571744e+002 2.63975036035007e+014
3.66976648096262e+002 2.65442538410619e+014
3.67029769771081e+002 2.67781080623853e+014
3.67082881594354e+002 2.70754336668405e+014
3.67135983564230e+002 2.73994675826652e+014
3.67189075678860e+002 2.77076832561754e+014
3.67242157936396e+002 2.79597653606248e+014
3.67295230334988e+002 2.81236959291026e+014
3.67348292872786e+002 2.81786187528538e+014
3.67401345547942e+002 2.81147499457682e+014
3.67454388358607e+002 2.79317789349452e+014
3.67507421302931e+002 2.76373761515380e+014
3.67560444379065e+002 2.72466534506732e+014
3.67613457585159e+002 2.67823137331461e+014
3.67666460919365e+002 2.62744895898746e+014
3.67719454379834e+002 2.57592903029829e+014
3.67772437964715e+002 2.52756958224913e+014
3.67825411672161e+002 2.48611877947457e+014
3.67878375500321e+002 2.45469547827438e+014
3.67931329447347e+002 2.43535374286982e+014
3.67984273511389e+002 2.42875671804460e+014
3.68037207690598e+002 2.43400532602684e+014
3.68090131983126e+002 2.44865871466216e+014
3.68143046387121e+002 2.46897651734095e+014
3.68195950900737e+002 2.49039174046084e+014
3.68248845522122e+002 2.50818072318031e+014
3.68301730249429e+002 2.51824339406785e+014
3.68354605080807e+002 2.51786273990245e+014
3.68407470014409e+002 2.50629533492328e+014
3.68460325048383e+002 2.48506269389954e+014
3.68513170180882e+002 2.45786194778987e+014
3.68566005410056e+002 2.43008201884242e+014
3.68618830734056e+002 2.40798368488150e+014
3.68671646151032e+002 2.39766586879692e+014
3.68724451659135e+002 2.40398648317679e+014
3.68777247256517e+002 2.42962729795755e+014
3.68830032941328e+002 2.47448371665758e+014
3.68882808711719e+002 2.53551931575970e+014
3.68935574565840e+002 2.60715198522513e+014
3.68988330501842e+002 2.68213958320612e+014
3.69041076517877e+002 2.75282307363053e+014
3.69093812612095e+002 2.81248819059334e+014
3.69146538782646e+002 2.85655356202510e+014
3.69199255027682e+002 2.88331229971520e+014
3.69251961345353e+002 2.89405528287813e+014
3.69304657733811e+002 2.89256737075686e+014
3.69357344191205e+002 2.88416054939445e+014
3.69410020715687e+002 2.87452514287872e+014
3.69462687305407e+002 2.86869564732778e+014
3.69515343958517e+002 2.87033897339986e+014
3.69567990673166e+002 2.88142715434677e+014
3.69620627447507e+002 2.90222487754570e+014
3.69673254279689e+002 2.93145982778561e+014
3.69725871167864e+002 2.96656315228985e+014
3.69778478110182e+002 3.00393396450136e+014
3.69831075104794e+002 3.03924283493429e+014
3.69883662149850e+002 3.06780700326969e+014
3.69936239243503e+002 3.08504195090336e+014
3.69988806383901e+002 3.08694897055209e+014
3.70041363569197e+002 3.07057067623927e+014
3.70093910797541e+002 3.03435181740881e+014
3.70146448067084e+002 2.97837035430474e+014
3.70198975375976e+002 2.90442796828687e+014
3.70251492722369e+002 2.81599324451391e+014
3.70304000104413e+002 2.71798005851023e+014
3.70356497520258e+002 2.61634227241921e+014
3.70408984968057e+002 2.51749551877931e+014
3.70461462445959e+002 2.42763647349450e+014
3.70513929952115e+002 2.35209137813712e+014
3.70566387484676e+002 2.29484758166417e+014
3.70618835041793e+002 2.25837838633311e+014
3.70671272621617e+002 2.24377174545640e+014
3.70723700222299e+002 2.25106089314006e+014
3.70776117841988e+002 2.27958579720983e+014
3.70828525478837e+002 2.32822406492333e+014
3.70880923130996e+002 2.39541271892201e+014
3.70933310796615e+002 2.47899415814605e+014
3.70985688473846e+002 2.57600352849703e+014
3.71038056160839e+002 2.68253420780681e+014
3.71090413855745e+002 2.79377459868173e+014
3.71142761556714e+002 2.90423564709129e+014
3.71195099261899e+002 3.00812388272522e+014
3.71247426969449e+002 3.09978100936791e+014
3.71299744677515e+002 3.17410643764943e+014
3.71352052384247e+002 3.22689084148928e+014
3.71404350087798e+002 3.25501001999514e+014
3.71456637786317e+002 3.25646391632492e+014
3.71508915477956e+002 3.23029902132591e+014
3.71561183160865e+002 3.17651024684173e+014
3.71613440833195e+002 3.09604739418152e+014
3.71665688493096e+002 2.99101703827203e+014
3.71717926138720e+002 2.86506739193946e+014
3.71770153768217e+002 2.72380977652516e+014
3.71822371379739e+002 2.57503443611383e+014
3.71874578971435e+002 2.42848284722400e+014
3.71926776541457e+002 2.29505760418582e+014
3.71978964087955e+002 2.18553966103718e+014
3.72031141609081e+002 2.10906062758177e+014
3.72083309102985e+002 2.07167134767992e+014
3.72135466567817e+002 2.07532883527672e+014
3.72187614001730e+002 2.11751592689630e+014
3.72239751402872e+002 2.19156462272073e+014
3.72291878769396e+002 2.28762346057272e+014
3.72343996099452e+002 2.39411175351824e+014
3.72396103391191e+002 2.49943323474916e+014
3.72448200642764e+002 2.59366777065595e+014
3.72500287852320e+002 2.66992795430291e+014
3.72552365018012e+002 2.72508529247598e+014
3.72604432137990e+002 2.75967138445445e+014
3.72656489210405e+002 2.77694946825432e+014
3.72708536233407e+002 2.78138874393259e+014
3.72760573205148e+002 2.77697257030628e+014
3.72812600123778e+002 2.76584052969464e+014
3.72864616987447e+002 2.74765821567382e+014
3.72916623794308e+002 2.71986152218781e+014
3.72968620542510e+002 2.67863497717428e+014
3.73020607230204e+002 2.62027257953587e+014
3.73072583855542e+002 2.54250692620209e+014
3.73124550416673e+002 2.44547354042434e+014
3.73176506911749e+002 2.33213750593615e+014
3.73228453338920e+002 2.20816999461194e+014
3.73280389696338e+002 2.08137243170150e+014
3.73332315982153e+002 1.96079735020888e+014
3.73384232194515e+002 1.85572552876394e+014
3.73436138331577e+002 1.77464781941589e+014
3.73488034391487e+002 1.72437477044493e+014
3.73539920372398e+002 1.70935857045598e+014
3.73591796272460e+002 1.73126538087302e+014
3.73643662089824e+002 1.78879611335357e+014
3.73695517822640e+002 1.87773498146200e+014
3.73747363469060e+002 1.99121109172694e+014
3.73799199027234e+002 2.12017591214845e+014
3.73851024495313e+002 2.25410667992964e+014
3.73902839871448e+002 2.38192560032784e+014
3.73954645153789e+002 2.49307612498694e+014
3.74006440340488e+002 2.57863658881073e+014
3.74058225429695e+002 2.63230324226660e+014
3.74110000419560e+002 2.65106291395286e+014
3.74161765308236e+002 2.63541283705275e+014
3.74213520093872e+002 2.58906816962872e+014
3.74265264774619e+002 2.51820649992860e+014
3.74316999348628e+002 2.43040281989129e+014
3.74368723814051e+002 2.33347789830801e+014
3.74420438169037e+002 2.23449881327066e+014
3.74472142411737e+002 2.13913001829847e+014
3.74523836540303e+002 2.05144767252485e+014
3.74575520552884e+002 1.97421640389445e+014
3.74627194447633e+002 1.90950596496719e+014
3.74678858222699e+002 1.85942094739454e+014
3.74730511876234e+002 1.82666326472802e+014
3.74782155406388e+002 1.81467789002974e+014
3.74833788811312e+002 1.82725989665199e+014
3.74885412089157e+002 1.86769614450866e+014
3.74937025238073e+002 1.93770572238767e+014
3.74988628256212e+002 2.03654253658471e+014
3.75040221141724e+002 2.16057571582490e+014
3.75091803892760e+002 2.30348242512066e+014
3.75143376507470e+002 2.45695648353599e+014
3.75194938984007e+002 2.61166615098678e+014
3.75246491320519e+002 2.75816572651819e+014
3.75298033515159e+002 2.88758256346384e+014
3.75349565566077e+002 2.99208951317545e+014
3.75401087471423e+002 3.06532051091670e+014
3.75452599229349e+002 3.10290597894643e+014
3.75504100838005e+002 3.10317882922518e+014
3.75555592295543e+002 3.06789717722948e+014
3.75607073600112e+002 3.00266160531418e+014
3.75658544749864e+002 2.91667879953820e+014
3.75710005742949e+002 2.82168028257683e+014
3.75761456577519e+002 2.73009513093637e+014
3.75812897251724e+002 2.65287864573135e+014
3.75864327763714e+002 2.59757903580331e+014
3.75915748111641e+002 2.56719358399238e+014
3.75967158293656e+002 2.56012735265790e+014
3.76018558307909e+002 2.57121360933305e+014
3.76069948152551e+002 2.59342520355318e+014
3.76121327825733e+002 2.61972384453656e+014
3.76172697325605e+002 2.64451730084365e+014
3.76224056650319e+002 2.66439636987824e+014
3.76275405798025e+002 2.67811173063703e+014
3.76326744766873e+002 2.68600921922131e+014
3.76378073555016e+002 2.68927691487658e+014
3.76429392160603e+002 2.68933243101536e+014
3.76480700581786e+002 2.68752632202385e+014
3.76531998816715e+002 2.68514211537527e+014
3.76583286863540e+002 2.68353187426697e+014
3.76634564720414e+002 2.68420014839712e+014
3.76685832385485e+002 2.68873418855312e+014
3.76737089856907e+002 2.69860868297589e+014
3.76788337132828e+002 2.71498258411021e+014
3.76839574211400e+002 2.73860062358768e+014
3.76890801090774e+002 2.76982543891715e+014
3.76942017769100e+002 2.80872471018949e+014
3.76993224244530e+002 2.85509586085543e+014
3.77044420515214e+002 2.90835993226693e+014
3.77095606579302e+002 2.96736402008683e+014
3.77146782434946e+002 3.03022559091019e+014
3.77197948080297e+002 3.09436783489725e+014
3.77249103513505e+002 3.15681879912528e+014
3.77300248732721e+002 3.21472090668609e+014
3.77351383736095e+002 3.26589216531801e+014
3.77402508521780e+002 3.30925114031507e+014
3.77453623087924e+002 3.34497424738146e+014
3.77504727432680e+002 3.37436008258521e+014
3.77555821554198e+002 3.39947507987955e+014
3.77606905450628e+002 3.42270440721875e+014
3.77657979120122e+002 3.44632253104638e+014
3.77709042560831e+002 3.47215222584610e+014
3.77760095770905e+002 3.50133399172686e+014
3.77811138748494e+002 3.53420355435167e+014
3.77862171491751e+002 3.57027296364283e+014
3.77913193998824e+002 3.60831240922844e+014
3.77964206267866e+002 3.64651732797753e+014
3.78015208297028e+002 3.68271815315039e+014
3.78066200084459e+002 3.71456791243755e+014
3.78117181628311e+002 3.73965152058587e+014
3.78168152926734e+002 3.75550951537933e+014
3.78219113977879e+002 3.75963826705843e+014
3.78270064779898e+002 3.74957623277720e+014
3.78321005330940e+002 3.72317247426922e+014
3.78371935629158e+002 3.67905071766628e+014
3.78422855672700e+002 3.61716436448964e+014
3.78473765459719e+002 3.53924685823478e+014
3.78524664988365e+002 3.44895316945111e+014
3.78575554256788e+002 3.35157643651620e+014
3.78626433263140e+002 3.25337085504110e+014
3.78677302005572e+002 3.16064743863795e+014
3.78728160482234e+002 3.07887080609916e+014
3.78779008691276e+002 3.01195282366496e+014
3.78829846630851e+002 2.96184456061117e+014
3.78880674299108e+002 2.92843023523706e+014
3.78931491694198e+002 2.90967313475754e+014
3.78982298814273e+002 2.90196222240575e+014
3.79033095657482e+002 2.90062920707175e+014
3.79083882221978e+002 2.90060818508610e+014
3.79134658505909e+002 2.89717397922125e+014
3.79185424507428e+002 2.88663848211662e+014
3.79236180224685e+002 2.86685016112613e+014
3.79286925655832e+002 2.83736877842117e+014
3.79337660799017e+002 2.79928118764856e+014
3.79388385652393e+002 2.75474943146579e+014
3.79439100214111e+002 2.70647958210810e+014
3.79489804482320e+002 2.65731728046957e+014
3.79540498455173e+002 2.61009883312437e+014
3.79591182130819e+002 2.56774760109185e+014
3.79641855507409e+002 2.53347019569702e+014
3.79692518583095e+002 2.51084271449968e+014
3.79743171356026e+002 2.50361848873305e+014
3.79793813824355e+002 2.51521842911865e+014
3.79844445986231e+002 2.54802166030046e+014
3.79895067839805e+002 2.60268240084836e+014
3.79945679383229e+002 2.67770808712485e+014
3.79996280614653e+002 2.76944283339727e+014
3.80046871532227e+002 2.87245755217991e+014
3.80097452134103e+002 2.98022284901234e+014
3.80148022418431e+002 3.08588632161466e+014
3.80198582383363e+002 3.18300274842500e+014
3.80249132027048e+002 3.26614104008381e+014
3.80299671347638e+002 3.33136284153006e+014
3.80350200343284e+002 3.37659326689368e+014
3.80400719012136e+002 3.40187708306977e+014
3.80451227352345e+002 3.40946091892144e+014
3.80501725362062e+002 3.40360714423045e+014
3.80552213039437e+002 3.39006234692785e+014
3.80602690382622e+002 3.37517978262193e+014
3.80653157389768e+002 3.36480646451379e+014
3.80703614059024e+002 3.36314738390540e+014
3.80754060388542e+002 3.37186724987448e+014
3.80804496376473e+002 3.38965906749107e+014
3.80854922020967e+002 3.41240419487840e+014
3.80905337320176e+002 3.43390381196204e+014
3.80955742272250e+002 3.44702434140950e+014
3.81006136875339e+002 3.44501116109626e+014
3.81056521127595e+002 3.42270663229434e+014
3.81106895027168e+002 3.37745482181979e+014
3.81157258572210e+002 3.30956155552460e+014
3.81207611760870e+002 3.22227304648710e+014
3.81257954591301e+002 3.12131386043079e+014
3.81308287061651e+002 3.01407390510873e+014
3.81358609170074e+002 2.90855847204333e+014
3.81408920914718e+002 2.81222949517616e+014
3.81459222293735e+002 2.73088480715471e+014
3.81509513305276e+002 2.66774837204161e+014
3.81559793947492e+002 2.62296213321646e+014
3.81610064218532e+002 2.59364810926505e+014
3.81660324116549e+002 2.57461866175938e+014
3.81710573639693e+002 2.55965102412073e+014
3.81760812786114e+002 2.54304930273419e+014
3.81811041553964e+002 2.52106922071174e+014
3.81861259941394e+002 2.49275865882462e+014
3.81911467946553e+002 2.45991210955523e+014
3.81961665567593e+002 2.42612068135469e+014
3.82011852802665e+002 2.39522287392959e+014
3.82062029649919e+002 2.36969451768471e+014
3.82112196107506e+002 2.34955545353509e+014
3.82162352173578e+002 2.33218920421233e+014
3.82212497846284e+002 2.31313714164229e+014
3.82262633123776e+002 2.28757370963035e+014
3.82312758004204e+002 2.25193467466913e+014
3.82362872485719e+002 2.20514240929891e+014
3.82412976566473e+002 2.14904806680486e+014
3.82463070244615e+002 2.08800514662217e+014
3.82513153518296e+002 2.02777856383891e+014
3.82563226385668e+002 1.97417199187653e+014
3.82613288844882e+002 1.93177748523426e+014
3.82663340894087e+002 1.90313913216975e+014
3.82713382531434e+002 1.88844773079245e+014
3.82763413755076e+002 1.88572477894480e+014
3.82813434563161e+002 1.89136177947294e+014
3.82863444953842e+002 1.90086076677619e+014
3.82913444925269e+002 1.90964536294596e+014
3.82963434475592e+002 1.91383954793511e+014
3.83013413602963e+002 1.91092029726193e+014
3.83063382305532e+002 1.90014426168716e+014
3.83113340581450e+002 1.88265180872103e+014
3.83163288428868e+002 1.86118931177411e+014
3.83213225845937e+002 1.83946907705145e+014
3.83263152830807e+002 1.82128662220197e+014
3.83313069381629e+002 1.80960023383508e+014
3.83362975496554e+002 1.80581119824604e+014
3.83412871173733e+002 1.80944605394942e+014
3.83462756411317e+002 1.81834151973301e+014
3.83512631207456e+002 1.82929794971418e+014
3.83562495560301e+002 1.83903866737340e+014
3.83612349468003e+002 1.84522826181298e+014
3.83662192928713e+002 1.84728667872237e+014
3.83712025940582e+002 1.84679065563515e+014
3.83761848501760e+002 1.84736167394069e+014
3.83811660610398e+002 1.85406716864085e+014
3.83861462264646e+002 1.87247352426549e+014
3.83911253462657e+002 1.90755892141513e+014
3.83961034202580e+002 1.96271154596438e+014
3.84010804482567e+002 2.03900969718430e+014
3.84060564300767e+002 2.13491815450517e+014
3.84110313655333e+002 2.24645345648077e+014
3.84160052544414e+002 2.36778065324408e+014
3.84209780966161e+002 2.49211764226598e+014
3.84259498918726e+002 2.61275687692259e+014
3.84309206400259e+002 2.72398684229197e+014
3.84358903408911e+002 2.82172149843106e+014
3.84408589942832e+002 2.90372446532107e+014
3.84458266000174e+002 2.96942744817697e+014
3.84507931579087e+002 3.01945630441833e+014
3.84557586677722e+002 3.05505618969829e+014
3.84607231294230e+002 3.07762186355237e+014
3.84656865426762e+002 3.08848181528068e+014
3.84706489073468e+002 3.08897181127295e+014
3.84756102232499e+002 3.08070383397988e+014
3.84805704902006e+002 3.06584100743492e+014
3.84855297080139e+002 3.04717211088401e+014
3.84904878765051e+002 3.02785623787887e+014
3.84954449954890e+002 3.01085399741370e+014
3.85004010647809e+002 2.99821570812225e+014
3.85053560841958e+002 2.99048835634348e+014
3.85103100535487e+002 2.98648478021260e+014
3.85152629726548e+002 2.98353296844469e+014
3.85202148413292e+002 2.97814338834147e+014
3.85251656593868e+002 2.96687631977475e+014
3.85301154266428e+002 2.94712548296154e+014
3.85350641429123e+002 2.91758243415162e+014
3.85400118080104e+002 2.87828205006162e+014
3.85449584217520e+002 2.83029271266718e+014
3.85499039839524e+002 2.77524072136698e+014
3.85548484944266e+002 2.71490266941684e+014
3.85597919529896e+002 2.65105101054229e+014
3.85647343594565e+002 2.58561810882450e+014
3.85696757136425e+002 2.52109609027698e+014
3.85746160153626e+002 2.46096661367590e+014
3.85795552644319e+002 2.40990312387683e+014
3.85844934606654e+002 2.37353450177960e+014
3.85894306038783e+002 2.35769694627130e+014
3.85943666938856e+002 2.36728830888116e+014
3.85993017305023e+002 2.40500979085182e+014
3.86042357135437e+002 2.47036689965702e+014
3.86091686428247e+002 2.55926457048954e+014
3.86141005181605e+002 2.66437547081869e+014
3.86190313393660e+002 2.77623587671762e+014
3.86239611062565e+002 2.88480742544484e+014
3.86288898186469e+002 2.98110924522924e+014
3.86338174763524e+002 3.05851654132673e+014
3.86387440791880e+002 3.11343630122310e+014
3.86436696269688e+002 3.14526385904356e+014
3.86485941195099e+002 3.15572899100463e+014
3.86535175566264e+002 3.14789240873775e+014
3.86584399381333e+002 3.12511374111774e+014
3.86633612638457e+002 3.09027456452547e+014
3.86682815335788e+002 3.04542990844353e+014
3.86732007471475e+002 2.99192065510698e+014
3.86781189043670e+002 2.93084909157643e+014
3.86830360050524e+002 2.86373071674934e+014
3.86879520490186e+002 2.79310037019162e+014
3.86928670360809e+002 2.72286912823699e+014
3.86977809660542e+002 2.65829030021827e+014
3.87026938387537e+002 2.60548416114268e+014
3.87076056539945e+002 2.57057534413518e+014
3.87125164115915e+002 2.55859549562553e+014
3.87174261113600e+002 2.57237705916254e+014
3.87223347531149e+002 2.61169350263936e+014
3.87272423366714e+002 2.67287484764462e+014
3.87321488618446e+002 2.74904401729730e+014
3.87370543284494e+002 2.83099225472755e+014
3.87419587363010e+002 2.90856649545951e+014
3.87468620852145e+002 2.97231217877310e+014
3.87517643750050e+002 3.01503568234152e+014
3.87566656054875e+002 3.03294728109188e+014
3.87615657764771e+002 3.02612742777727e+014
3.87664648877888e+002 2.99821380912632e+014
3.87713629392379e+002 2.95539894740723e+014
3.87762599306393e+002 2.90500582283967e+014
3.87811558618081e+002 2.85401628244367e+014
3.87860507325594e+002 2.80792285655718e+014
3.87909445427083e+002 2.77015282561744e+014
3.87958372920699e+002 2.74211114175300e+014
3.88007289804592e+002 2.72367953188931e+014
3.88056196076914e+002 2.71387488183972e+014
3.88105091735814e+002 2.71136567938018e+014
3.88153976779444e+002 2.71467045344635e+014
3.88202851205955e+002 2.72205674000308e+014
3.88251715013497e+002 2.73132995344162e+014
3.88300568200222e+002 2.73976611946930e+014
3.88349410764279e+002 2.74437090503162e+014
3.88398242703820e+002 2.74247740359990e+014
3.88447064016996e+002 2.73251285201295e+014
3.88495874701957e+002 2.71465943616155e+014
3.88544674756854e+002 2.69115421951809e+014
3.88593464179838e+002 2.66610164010291e+014
3.88642242969060e+002 2.64484215977106e+014
3.88691011122670e+002 2.63305412719427e+014
3.88739768638820e+002 2.63581415419625e+014
3.88788515515659e+002 2.65680532565603e+014
3.88837251751340e+002 2.69778261201627e+014
3.88885977344012e+002 2.75833009328430e+014
3.88934692291827e+002 2.83590300787151e+014
3.88983396592935e+002 2.92613580531806e+014
3.89032090245487e+002 3.02339090318976e+014
3.89080773247634e+002 3.12149973733297e+014
3.89129445597526e+002 3.21460472760271e+014
3.89178107293315e+002 3.29796589878340e+014
3.89226758333151e+002 3.36857543203645e+014
3.89275398715185e+002 3.42544592903043e+014
3.89324028437568e+002 3.46950434889467e+014
3.89372647498451e+002 3.50311643196757e+014
3.89421255895984e+002 3.52935924518448e+014
3.89469853628318e+002 3.55122476990125e+014
3.89518440693604e+002 3.57095483514000e+014
3.89567017089993e+002 3.58966835784493e+014
3.89615582815635e+002 3.60735308920865e+014
3.89664137868682e+002 3.62317999582076e+014
3.89712682247284e+002 3.63599650705830e+014
3.89761215949592e+002 3.64480343095032e+014
3.89809738973756e+002 3.64904259131707e+014
3.89858251317928e+002 3.64861230671512e+014
3.89906752980258e+002 3.64364953001215e+014
3.89955243958898e+002 3.63421887710475e+014
3.90003724251997e+002 3.62008551559012e+014
3.90052193857707e+002 3.60070686691148e+014
3.90100652774178e+002 3.57547894266362e+014
3.90149100999562e+002 3.54416395615531e+014
3.90197538532009e+002 3.50735281807803e+014
3.90245965369669e+002 3.46680401076038e+014
3.90294381510695e+002 3.42554266903636e+014
3.90342786953235e+002 3.38767346180680e+014
3.90391181695442e+002 3.35792891602356e+014
3.90439565735466e+002 3.34102571335681e+014
3.90487939071458e+002 3.34093560809200e+014
3.90536301701568e+002 3.36020036093262e+014
3.90584653623948e+002 3.39943018979289e+014
3.90632994836747e+002 3.45711063126236e+014
3.90681325338118e+002 3.52979050540902e+014
3.90729645126211e+002 3.61263464937848e+014
3.90777954199176e+002 3.70022227332230e+014
3.90826252555164e+002 3.78739412469251e+014
3.90874540192327e+002 3.86993499865671e+014
3.90922817108814e+002 3.94493549233506e+014
3.90971083302778e+002 4.01078837590202e+014
3.91019338772367e+002 4.06689603512429e+014
3.91067583515734e+002 4.11324748598114e+014
3.91115817531030e+002 4.15003656506943e+014
3.91164040816403e+002 4.17743906497470e+014
3.91212253370007e+002 4.19557610479220e+014
3.91260455189991e+002 4.20460688701000e+014
3.91308646274507e+002 4.20485006186896e+014
3.91356826621704e+002 4.19684095478926e+014
3.91404996229734e+002 4.18127895927224e+014
3.91453155096748e+002 4.15887895991080e+014
3.91501303220897e+002 4.13018663056254e+014
3.91549440600330e+002 4.09543536342101e+014
3.91597567233200e+002 4.05451167178782e+014
3.91645683117656e+002 4.00706428469521e+014
3.91693788251850e+002 3.95275072582917e+014
3.91741882633933e+002 3.89157299412988e+014
3.91789966262054e+002 3.82421961423855e+014
3.91838039134365e+002 3.75231284159673e+014
3.91886101249018e+002 3.67846563603642e+014
3.91934152604162e+002 3.60608713603367e+014
3.91982193197948e+002 3.53893403602180e+014
3.92030223028527e+002 3.48047453631611e+014
3.92078242094050e+002 3.43319108819657e+014
3.92126250392668e+002 3.39797818934886e+014
3.92174247922531e+002 3.37378051545114e+014
3.92222234681791e+002 3.35756636139260e+014
3.92270210668598e+002 3.34465572002909e+014
3.92318175881103e+002 3.32934286286733e+014
3.92366130317456e+002 3.30569112449859e+014
3.92414073975809e+002 3.26834763576418e+014
3.92462006854312e+002 3.21323245902780e+014
3.92509928951116e+002 3.13799449467275e+014
3.92557840264372e+002 3.04218245049651e+014
3.92605740792231e+002 2.92713746918499e+014
3.92653630532843e+002 2.79566155699496e+014
3.92701509484359e+002 2.65154527462330e+014
3.92749377644930e+002 2.49904828278029e+014
3.92797235012707e+002 2.34242054813184e+014
3.92845081585841e+002 2.18553499937122e+014
3.92892917362482e+002 2.03167768217024e+014
3.92940742340781e+002 1.88351112776200e+014
3.92988556518889e+002 1.74319339233041e+014
3.93036359894957e+002 1.61260377234506e+014
3.93084152467136e+002 1.49360331156880e+014
3.93131934233575e+002 1.38825053873634e+014
3.93179705192427e+002 1.29890434040137e+014
3.93227465341842e+002 1.22817525310490e+014
3.93275214679971e+002 1.17872695870856e+014
3.93322953204964e+002 1.15297013891069e+014
3.93370680914972e+002 1.15271912165970e+014
3.93418397808147e+002 1.17888939797951e+014
3.93466103882638e+002 1.23129923899963e+014
3.93513799136597e+002 1.30860711817399e+014
3.93561483568175e+002 1.40837965307866e+014
3.93609157175521e+002 1.52725568663702e+014
3.93656819956788e+002 1.66116009512546e+014
3.93704471910126e+002 1.80552825320474e+014
3.93752113033685e+002 1.95552248365462e+014
3.93799743325617e+002 2.10624472626577e+014
3.93847362784072e+002 2.25296448187445e+014
3.93894971407201e+002 2.39138120041756e+014
3.93942569193154e+002 2.51792573567101e+014
3.93990156140084e+002 2.63008162156406e+014
3.94037732246139e+002 2.72668190551528e+014
3.94085297509472e+002 2.80811799791835e+014
3.94132851928233e+002 2.87638994725378e+014
3.94180395500572e+002 2.93493776587313e+014
3.94227928224642e+002 2.98822518706811e+014
3.94275450098591e+002 3.04110008182698e+014
3.94322961120572e+002 3.09802165862631e+014
3.94370461288734e+002 3.16230485628709e+014
3.94417950601229e+002 3.23556123947548e+014
3.94465429056208e+002 3.31749084083461e+014
3.94512896651821e+002 3.40609567153484e+014
3.94560353386219e+002 3.49826295055015e+014
3.94607799257553e+002 3.59054729189543e+014
3.94655234263974e+002 3.67991484644849e+014
3.94702658403632e+002 3.76423060626023e+014
3.94750071674678e+002 3.84237046293376e+014
3.94797474075264e+002 3.91398411000657e+014
3.94844865603539e+002 3.97906389437160e+014
3.94892246257655e+002 4.03753445825291e+014
3.94939616035762e+002 4.08904480067007e+014
3.94986974936012e+002 4.13303580577708e+014
3.95034322956555e+002 4.16902260394415e+014
3.95081660095541e+002 4.19693257696239e+014
3.95128986351122e+002 4.21731970959612e+014
3.95176301721448e+002 4.23134068136315e+014
3.95223606204671e+002 4.24049467616788e+014
3.95270899798940e+002 4.24624084300550e+014
3.95318182502407e+002 4.24966096852232e+014
3.95365454313223e+002 4.25130487051817e+014
3.95412715229538e+002 4.25125756670226e+014
3.95459965249503e+002 4.24935002204406e+014
3.95507204371270e+002 4.24535824612539e+014
3.95554432592987e+002 4.23903934147734e+014
3.95601649912808e+002 4.22993876209516e+014
3.95648856328881e+002 4.21703196567580e+014
3.95696051839359e+002 4.19837462010866e+014
3.95743236442392e+002 4.17097417626170e+014
3.95790410136130e+002 4.13103837065628e+014
3.95837572918725e+002 4.07462176245033e+014
3.95884724788327e+002 3.99853120430822e+014
3.95931865743087e+002 3.90122919420896e+014
3.95978995781156e+002 3.78344045747104e+014
3.96026114900684e+002 3.64823901944446e+014
3.96073223099823e+002 3.50054723294029e+014
3.96120320376724e+002 3.34616237075949e+014
3.96167406729536e+002 3.19057642418537e+014
3.96214482156411e+002 3.03791898414252e+014
3.96261546655499e+002 2.89031219190024e+014
3.96308600224952e+002 2.74779882501116e+014
3.96355642862920e+002 2.60883512507490e+014
3.96402674567554e+002 2.47118590672016e+014
3.96449695337005e+002 2.33296677810233e+014
3.96496705169424e+002 2.19356591886634e+014
3.96543704062960e+002 2.05423678823902e+014
3.96590692015766e+002 1.91825502180248e+014
3.96637669025992e+002 1.79064226654685e+014
3.96684635091788e+002 1.67754761753316e+014
3.96731590211306e+002 1.58542966731041e+014
3.96778534382697e+002 1.52019800071653e+014
3.96825467604110e+002 1.48645849555257e+014
3.96872389873697e+002 1.48697272910094e+014
3.96919301189609e+002 1.52239735483776e+014
3.96966201549996e+002 1.59131977485279e+014
3.97013090953010e+002 1.69055859388394e+014
3.97059969396801e+002 1.81565743804630e+014
3.97106836879519e+002 1.96147414291658e+014
3.97153693399316e+002 2.12276046802796e+014
3.97200538954343e+002 2.29464242030504e+014
3.97247373542750e+002 2.47294306644223e+014
3.97294197162687e+002 2.65433137648083e+014
3.97341009812307e+002 2.83631953865284e+014
3.97387811489759e+002 3.01715598125138e+014
3.97434602193195e+002 3.19566658994000e+014
3.97481381920764e+002 3.37108454721038e+014
3.97528150670619e+002 3.54288678254880e+014
3.97574908440910e+002 3.71063566890571e+014
3.97621655229786e+002 3.87381820846914e+014
3.97668391035401e+002 4.03168372327979e+014
3.97715115855903e+002 4.18310026653187e+014
3.97761829689445e+002 4.32646940607219e+014
3.97808532534176e+002 4.45974470714584e+014
3.97855224388247e+002 4.58058543009368e+014
3.97901905249810e+002 4.68664523290926e+014
3.97948575117015e+002 4.77595422136101e+014
3.97995233988013e+002 4.84731693975461e+014
3.98041881860954e+002 4.90063280494421e+014
3.98088518733990e+002 4.93705563051142e+014
3.98135144605271e+002 4.95894516891845e+014
3.98181759472949e+002 4.96961562098051e+014
3.98228363335173e+002 4.97293689906300e+014
3.98274956190095e+002 4.97287863326091e+014
3.98321538035865e+002 4.97309306903540e+014
3.98368108870634e+002 4.97660985401424e+014
3.98414668692553e+002 4.98567319155511e+014
3.98461217499774e+002 5.00170642649976e+014
3.98507755290445e+002 5.02535878304578e+014
3.98554282062719e+002 5.05658429827014e+014
3.98600797814747e+002 5.09472288214265e+014
3.98647302544678e+002 5.13858458195818e+014
3.98693796250664e+002 5.18656123574192e+014
3.98740278930855e+002 5.23679026018635e+014
3.98786750583403e+002 5.28737078343707e+014
3.98833211206458e+002 5.33659550283056e+014
3.98879660798171e+002 5.38313479490065e+014
3.98926099356693e+002 5.42611012149922e+014
3.98972526880174e+002 5.46502706136616e+014
3.99018943366765e+002 5.49959124376767e+014
3.99065348814618e+002 5.52947861387593e+014
3.99111743221882e+002 5.55415316878996e+014
3.99158126586709e+002 5.57280982505666e+014
3.99204498907250e+002 5.58447496987102e+014
3.99250860181655e+002 5.58824271665221e+014
3.99297210408075e+002 5.58358204694452e+014
3.99343549584660e+002 5.57063296840201e+014
3.99389877709562e+002 5.55041873491603e+014
3.99436194780932e+002 5.52492587955893e+014
3.99482500796920e+002 5.49703179481373e+014
3.99528795755677e+002 5.47028152766737e+014
3.99575079655354e+002 5.44853193748905e+014
3.99621352494101e+002 5.43549699466435e+014
3.99667614270070e+002 5.43424766590845e+014
3.99713864981411e+002 5.44674123738385e+014
3.99760104626274e+002 5.47346732712346e+014
3.99806333202812e+002 5.51328902514594e+014
3.99852550709174e+002 5.56352036897995e+014
3.99898757143511e+002 5.62022428869866e+014
3.99944952503975e+002 5.67865882304673e+014
3.99991136788715e+002 5.73376945445060e+014
4.00037309995884e+002 5.78063817232773e+014
4.00083472123630e+002 5.81484926918053e+014
4.00129623170106e+002 5.83279344687674e+014
4.00175763133462e+002 5.83196832312432e+014
4.00221892011849e+002 5.81132122021804e+014
4.00268009803418e+002 5.77161807643134e+014
4.00314116506319e+002 5.71574007260730e+014
4.00360212118703e+002 5.64875249554164e+014
4.00406296638722e+002 5.57759783148804e+014
4.00452370064525e+002 5.51035052265068e+014
4.00498432394264e+002 5.45510799479176e+014
4.00544483626089e+002 5.41873107472883e+014
4.00590523758151e+002 5.40572787438469e+014
4.00636552788602e+002 5.41756190568810e+014
4.00682570715591e+002 5.45255734751878e+014
4.00728577537270e+002 5.50640917938796e+014
4.00774573251789e+002 5.57314309521192e+014
4.00820557857300e+002 5.64626265265377e+014
4.00866531351952e+002 5.71980271140589e+014
4.00912493733897e+002 5.78907281584572e+014
4.00958445001286e+002 5.85099186588363e+014
4.01004385152269e+002 5.90403837220071e+014
4.01050314184997e+002 5.94793103614683e+014
4.01096232097621e+002 5.98319029869155e+014
4.01142138888291e+002 6.01071511236960e+014
4.01188034555160e+002 6.03146169031288e+014
4.01233919096376e+002 6.04625614614503e+014
4.01279792510092e+002 6.05573265702116e+014
4.01325654794457e+002 6.06036916687214e+014
4.01371505947623e+002 6.06058984255509e+014
4.01417345967741e+002 6.05690521753160e+014
4.01463174852961e+002 6.05005821864913e+014
4.01508992601434e+002 6.04113577845202e+014
4.01554799211310e+002 6.03159925634250e+014
4.01600594680742e+002 6.02319475352465e+014
4.01646379007878e+002 6.01773281029801e+014
4.01692152190871e+002 6.01677193068076e+014
4.01737914227871e+002 6.02128465790946e+014
4.01783665117029e+002 6.03140750603253e+014
4.01829404856496e+002 6.04636160788722e+014
4.01875133444421e+002 6.06458164534256e+014
4.01920850878957e+002 6.08402384047592e+014
4.01966557158254e+002 6.10256775004290e+014
4.02012252280463e+002 6.11840410326859e+014
4.02057936243734e+002 6.13031893596540e+014
4.02103609046218e+002 6.13783096344423e+014
4.02149270686067e+002 6.14119035933344e+014
4.02194921161430e+002 6.14127985658749e+014
4.02240560470460e+002 6.13946180656975e+014
4.02286188611305e+002 6.13739455535272e+014
4.02331805582118e+002 6.13681543587302e+014
4.02377411381049e+002 6.13927576558316e+014
4.02423006006249e+002 6.14582538969749e+014
4.02468589455869e+002 6.15667693600630e+014
4.02514161728059e+002 6.17091682394797e+014
4.02559722820971e+002 6.18635226457524e+014
4.02605272732754e+002 6.19957718294670e+014
4.02650811461560e+002 6.20630173080611e+014
4.02696339005540e+002 6.20192972514069e+014
4.02741855362844e+002 6.18230214971271e+014
4.02787360531624e+002 6.14447280150018e+014
4.02832854510029e+002 6.08735927097456e+014
4.02878337296212e+002 6.01212882622360e+014
4.02923808888321e+002 5.92223017971325e+014
4.02969269284510e+002 5.82306012173955e+014
4.03014718482927e+002 5.72133429552012e+014
4.03060156481724e+002 5.62429484023437e+014
4.03105583279052e+002 5.53891201686887e+014
4.03150998873062e+002 5.47121900823695e+014
4.03196403261904e+002 5.42586331846814e+014
4.03241796443729e+002 5.40588928549389e+014
4.03287178416688e+002 5.41270481886776e+014
4.03332549178932e+002 5.44615523012653e+014
4.03377908728611e+002 5.50463156107370e+014
4.03423257063877e+002 5.58517517684721e+014
4.03468594182879e+002 5.68358495292685e+014
4.03513920083770e+002 5.79457024899155e+014
4.03559234764699e+002 5.91200381967045e+014
4.03604538223817e+002 6.02931223390458e+014
4.03649830459276e+002 6.13999816182969e+014
4.03695111469226e+002 6.23823703526701e+014
4.03740381251818e+002 6.31944379284592e+014
4.03785639805202e+002 6.38068393686549e+014
4.03830887127530e+002 6.42081513575454e+014
4.03876123216952e+002 6.44029680198474e+014
4.03921348071619e+002 6.44068371088738e+014
4.03966561689682e+002 6.42391163784212e+014
4.04011764069291e+002 6.39155843098460e+014
4.04056955208598e+002 6.34430078053854e+014
4.04102135105753e+002 6.28176217933455e+014
4.04147303758906e+002 6.20285912809368e+014
4.04192461166210e+002 6.10661459354630e+014
4.04237607325814e+002 5.99325634124616e+014
4.04282742235869e+002 5.86529739989377e+014
4.04327865894527e+002 5.72825391698821e+014
4.04372978299938e+002 5.59071105601474e+014
4.04418079450252e+002 5.46360242570993e+014
4.04463169343620e+002 5.35877633983559e+014
4.04508247978194e+002 5.28712908238954e+014
4.04553315352124e+002 5.25672147411720e+014
4.04598371463561e+002 5.27131702568280e+014
4.04643416310656e+002 5.32967851198402e+014
4.04688449891559e+002 5.42576505568214e+014
4.04733472204421e+002 5.54974682115554e+014
4.04778483247394e+002 5.68956815135918e+014
4.04823483018627e+002 5.83269438762609e+014
4.04868471516272e+002 5.96769029811705e+014
4.04913448738479e+002 6.08537924142917e+014
4.04958414683399e+002 6.17947318107849e+014
4.05003369349184e+002 6.24669847080361e+014
4.05048312733983e+002 6.28652873938255e+014
4.05093244835948e+002 6.30067024807662e+014
4.05138165653229e+002 6.29243217834171e+014
4.05183075183977e+002 6.26608218565350e+014
4.05227973426344e+002 6.22625440457763e+014
4.05272860378479e+002 6.17745509066926e+014
4.05317736038533e+002 6.12369938432962e+014
4.05362600404658e+002 6.06830310492235e+014
4.05407453475004e+002 6.01383872995862e+014
4.05452295247722e+002 5.96224005209979e+014
4.05497125720963e+002 5.91500959362252e+014
4.05541944892877e+002 5.87345328806384e+014
4.05586752761615e+002 5.83885180190946e+014
4.05631549325329e+002 5.81248462569993e+014
4.05676334582168e+002 5.79546001909428e+014
4.05721108530284e+002 5.78836390494694e+014
4.05765871167828e+002 5.79081242129075e+014
4.05810622492949e+002 5.80105180212564e+014
4.05855362503800e+002 5.81577252947194e+014
4.05900091198531e+002 5.83027691355611e+014
4.05944808575292e+002 5.83905749918698e+014
4.05989514632235e+002 5.83672890239579e+014
4.06034209367510e+002 5.81913709364560e+014
4.06078892779267e+002 5.78438917568396e+014
4.06123564865659e+002 5.73353192832828e+014
4.06168225624835e+002 5.67067218156272e+014
4.06212875054947e+002 5.60246424067909e+014
4.06257513154145e+002 5.53705192431815e+014
4.06302139920579e+002 5.48269879626776e+014
4.06346755352402e+002 5.44642046555860e+014
4.06391359447763e+002 5.43292285815796e+014
4.06435952204813e+002 5.44405050590942e+014
4.06480533621704e+002 5.47879559205578e+014
4.06525103696585e+002 5.53376441158505e+014
4.06569662427608e+002 5.60389712339869e+014
4.06614209812924e+002 5.68322103529123e+014
4.06658745850683e+002 5.76548216710984e+014
4.06703270539036e+002 5.84461046685471e+014
4.06747783876133e+002 5.91507346675473e+014
4.06792285860127e+002 5.97221913904244e+014
4.06836776489167e+002 6.01267785838459e+014
4.06881255761404e+002 6.03480679202225e+014
4.06925723674989e+002 6.03906067860919e+014
4.06970180228073e+002 6.02811432344327e+014
4.07014625418807e+002 6.00658271538256e+014
4.07059059245341e+002 5.98028379472281e+014
4.07103481705826e+002 5.95513932837695e+014
4.07147892798414e+002 5.93594908403039e+014
4.07192292521254e+002 5.92535201759274e+014
4.07236680872497e+002 5.92326673218286e+014
4.07281057850295e+002 5.92698724151608e+014
4.07325423452798e+002 5.93193418856645e+014
4.07369777678158e+002 5.93288301270440e+014
4.07414120524523e+002 5.92536571333826e+014
4.07458451990047e+002 5.90690418921832e+014
4.07502772072879e+002 5.87778815684851e+014
4.07547080771169e+002 5.84123224890170e+014
4.07591378083070e+002 5.80289899277293e+014
4.07635664006732e+002 5.76991229930785e+014
4.07679938540305e+002 5.74958207861498e+014
4.07724201681940e+002 5.74809812340850e+014
4.07768453429788e+002 5.76943464334302e+014
4.07812693782001e+002 5.81464677969660e+014
4.07856922736727e+002 5.88165828967670e+014
4.07901140292120e+002 5.96555097924506e+014
4.07945346446328e+002 6.05928797873907e+014
4.07989541197504e+002 6.15474288140530e+014
4.08033724543797e+002 6.24386956325240e+014
4.08077896483360e+002 6.31983533241347e+014
4.08122057014341e+002 6.37795145277459e+014
4.08166206134893e+002 6.41626804650952e+014
4.08210343843165e+002 6.43575234620149e+014
4.08254470137310e+002 6.44003237693699e+014
4.08298585015477e+002 6.43475522358586e+014
4.08342688475817e+002 6.42666838658985e+014
4.08386780516482e+002 6.42257365986795e+014
4.08430861135621e+002 6.42831882405389e+014
4.08474930331387e+002 6.44797927346324e+014
4.08518988101929e+002 6.48334419403977e+014
4.08563034445398e+002 6.53376663607692e+014
4.08607069359945e+002 6.59637611377792e+014
4.08651092843721e+002 6.66659566316219e+014
4.08695104894877e+002 6.73886279600369e+014
4.08739105511563e+002 6.80743077095541e+014
4.08783094691931e+002 6.86712470923826e+014
4.08827072434131e+002 6.91394501213984e+014
