;
; High resolution cross section file : C:/Users/admin/Desktop/1018/raman.txt
; Calibration file : C:/Users/admin/Desktop/1018/SN1804011U1/Hg_U0008499_calibrated_solar.clb
; Shift applied : 0 nm
; Convolution type : Standard convolution
; Slit function type : Gaussian (FTS) 
; Gaussian FWHM : 0.536
;
; Columns description :
; Column 1 : calibration;
; Column 2 : convoluted cross section;
;
2.97491864652239e+002 7.98484636226734e+013
2.97555376277378e+002 7.91630354324610e+013
2.97618880245981e+002 7.86952130194599e+013
2.97682376556197e+002 7.85104696712677e+013
2.97745865206179e+002 7.86521735504728e+013
2.97809346194076e+002 7.91316738805229e+013
2.97872819518039e+002 7.99232629928413e+013
2.97936285176219e+002 8.09650591171496e+013
2.97999743166768e+002 8.21654906184632e+013
2.98063193487835e+002 8.34138895268177e+013
2.98126636137571e+002 8.45930543708863e+013
2.98190071114128e+002 8.55916474537933e+013
2.98253498415656e+002 8.63148285585659e+013
2.98316918040306e+002 8.66922832799005e+013
2.98380329986229e+002 8.66834581247916e+013
2.98443734251575e+002 8.62801841052531e+013
2.98507130834496e+002 8.55069435504263e+013
2.98570519733141e+002 8.44189305294876e+013
2.98633900945662e+002 8.30979135815020e+013
2.98697274470210e+002 8.16458329612092e+013
2.98760640304936e+002 8.01761151307642e+013
2.98823998447989e+002 7.88029101102658e+013
2.98887348897522e+002 7.76288928329957e+013
2.98950691651684e+002 7.67328804256003e+013
2.99014026708628e+002 7.61591461895324e+013
2.99077354066502e+002 7.59106971278203e+013
2.99140673723459e+002 7.59486222900934e+013
2.99203985677648e+002 7.61987320323561e+013
2.99267289927222e+002 7.65651575774704e+013
2.99330586470330e+002 7.69487074775248e+013
2.99393875305123e+002 7.72661411479299e+013
2.99457156429753e+002 7.74657330138109e+013
2.99520429842369e+002 7.75350069040505e+013
2.99583695541123e+002 7.74983786018392e+013
2.99646953524166e+002 7.74052228451230e+013
2.99710203789648e+002 7.73117258352272e+013
2.99773446335720e+002 7.72618096153064e+013
2.99836681160533e+002 7.72726935885004e+013
2.99899908262238e+002 7.73291593814067e+013
2.99963127638985e+002 7.73878463701658e+013
3.00026339288925e+002 7.73898983488885e+013
3.00089543210210e+002 7.72779960791982e+013
3.00152739400989e+002 7.70128612938227e+013
3.00215927859414e+002 7.65848001126176e+013
3.00279108583636e+002 7.60174327327360e+013
3.00342281571804e+002 7.53628988489580e+013
3.00405446822071e+002 7.46900021300164e+013
3.00468604332587e+002 7.40684986627565e+013
3.00531754101502e+002 7.35536662653562e+013
3.00594896126967e+002 7.31751526607617e+013
3.00658030407134e+002 7.29328539710113e+013
3.00721156940153e+002 7.28005189132951e+013
3.00784275724174e+002 7.27355384025913e+013
3.00847386757349e+002 7.26917321574596e+013
3.00910490037829e+002 7.26314468726286e+013
3.00973585563763e+002 7.25340339365330e+013
3.01036673333304e+002 7.23993514199773e+013
3.01099753344601e+002 7.22466070426838e+013
3.01162825595805e+002 7.21099677912049e+013
3.01225890085069e+002 7.20326182384330e+013
3.01288946810541e+002 7.20605147809258e+013
3.01351995770373e+002 7.22363993644174e+013
3.01415036962715e+002 7.25941530798683e+013
3.01478070385720e+002 7.31535123081825e+013
3.01541096037536e+002 7.39154766326045e+013
3.01604113916316e+002 7.48591578968075e+013
3.01667124020209e+002 7.59410752368188e+013
3.01730126347367e+002 7.70978163189914e+013
3.01793120895941e+002 7.82525137616741e+013
3.01856107664080e+002 7.93247903821446e+013
3.01919086649937e+002 8.02428634240010e+013
3.01982057851662e+002 8.09556073649447e+013
3.02045021267405e+002 8.14418751233560e+013
3.02107976895317e+002 8.17145897923696e+013
3.02170924733550e+002 8.18181966934057e+013
3.02233864780254e+002 8.18198250624414e+013
3.02296797033579e+002 8.17963922294962e+013
3.02359721491677e+002 8.18211333048697e+013
3.02422638152699e+002 8.19530525283445e+013
3.02485547014794e+002 8.22314787402143e+013
3.02548448076115e+002 8.26758260753404e+013
3.02611341334811e+002 8.32887797710168e+013
3.02674226789034e+002 8.40603299685623e+013
3.02737104436934e+002 8.49706703255411e+013
3.02799974276662e+002 8.59915187799548e+013
3.02862836306369e+002 8.70869646690112e+013
3.02925690524206e+002 8.82155978422246e+013
3.02988536928323e+002 8.93350819599119e+013
3.03051375516872e+002 9.04088551610878e+013
3.03114206288002e+002 9.14131119807831e+013
3.03177029239866e+002 9.23414772103738e+013
3.03239844370613e+002 9.32052243469121e+013
3.03302651678394e+002 9.40283267850333e+013
3.03365451161361e+002 9.48384381079753e+013
3.03428242817664e+002 9.56563588655875e+013
3.03491026645453e+002 9.64871345700989e+013
3.03553802642880e+002 9.73154625942809e+013
3.03616570808096e+002 9.81067496972422e+013
3.03679331139251e+002 9.88134224058529e+013
3.03742083634495e+002 9.93845461369117e+013
3.03804828291981e+002 9.97759957067145e+013
3.03867565109858e+002 9.99586072935105e+013
3.03930294086278e+002 9.99227856208013e+013
3.03993015219390e+002 9.96794168268492e+013
3.04055728507347e+002 9.92579894853763e+013
3.04118433948298e+002 9.87031086176042e+013
3.04181131540395e+002 9.80701174373443e+013
3.04243821281788e+002 9.74197911052363e+013
3.04306503170628e+002 9.68116699059034e+013
3.04369177205066e+002 9.62959529530691e+013
3.04431843383253e+002 9.59048799291320e+013
3.04494501703339e+002 9.56456287594325e+013
3.04557152163475e+002 9.54972462967518e+013
3.04619794761813e+002 9.54135564422311e+013
3.04682429496502e+002 9.53324172942816e+013
3.04745056365694e+002 9.51896884565747e+013
3.04807675367540e+002 9.49346124161602e+013
3.04870286500190e+002 9.45426655971114e+013
3.04932889761794e+002 9.40225379955027e+013
3.04995485150505e+002 9.34155134831525e+013
3.05058072664472e+002 9.27875640476703e+013
3.05120652301847e+002 9.22162699826769e+013
3.05183224060779e+002 9.17757211981389e+013
3.05245787939421e+002 9.15226397945258e+013
3.05308343935923e+002 9.14862238801383e+013
3.05370892048435e+002 9.16630289867617e+013
3.05433432275108e+002 9.20170398414466e+013
3.05495964614094e+002 9.24842991620606e+013
3.05558489063542e+002 9.29811611900211e+013
3.05621005621604e+002 9.34152580940301e+013
3.05683514286431e+002 9.36982732816598e+013
3.05746015056173e+002 9.37593347250703e+013
3.05808507928981e+002 9.35572692113952e+013
3.05870992903006e+002 9.30894128228033e+013
3.05933469976399e+002 9.23946357171078e+013
3.05995939147310e+002 9.15490485858409e+013
3.06058400413891e+002 9.06544580200122e+013
3.06120853774291e+002 8.98215407403787e+013
3.06183299226663e+002 8.91512082783477e+013
3.06245736769156e+002 8.87181595423568e+013
3.06308166399921e+002 8.85599968454833e+013
3.06370588117110e+002 8.86737931155431e+013
3.06433001918873e+002 8.90202022648263e+013
3.06495407803360e+002 8.95336521965245e+013
3.06557805768723e+002 9.01361760786295e+013
3.06620195813113e+002 9.07520753129793e+013
3.06682577934680e+002 9.13207495573125e+013
3.06744952131574e+002 9.18055421217993e+013
3.06807318401948e+002 9.21972567219555e+013
3.06869676743951e+002 9.25120451486775e+013
3.06932027155734e+002 9.27845104601053e+013
3.06994369635449e+002 9.30578636821643e+013
3.07056704181245e+002 9.33735165222619e+013
3.07119030791274e+002 9.37623991753626e+013
3.07181349463687e+002 9.42396047747768e+013
3.07243660196634e+002 9.48029519802678e+013
3.07305962988266e+002 9.54350851273261e+013
3.07368257836734e+002 9.61080691337795e+013
3.07430544740189e+002 9.67891681787226e+013
3.07492823696781e+002 9.74465422712863e+013
3.07555094704661e+002 9.80538160585798e+013
3.07617357761981e+002 9.85927715560930e+013
3.07679612866890e+002 9.90537676755245e+013
3.07741860017540e+002 9.94339135058820e+013
3.07804099212082e+002 9.97335155689304e+013
3.07866330448665e+002 9.99518076192090e+013
3.07928553725442e+002 1.00083308211529e+014
3.07990769040562e+002 1.00116164424764e+014
3.08052976392177e+002 1.00033414736542e+014
3.08115175778438e+002 9.98172624369810e+013
3.08177367197495e+002 9.94553975593245e+013
3.08239550647498e+002 9.89474993779882e+013
3.08301726126600e+002 9.83096895479629e+013
3.08363893632950e+002 9.75751346442075e+013
3.08426053164699e+002 9.67901539982587e+013
3.08488204719998e+002 9.60066685815287e+013
3.08550348296999e+002 9.52730343085198e+013
3.08612483893851e+002 9.46257387351083e+013
3.08674611508706e+002 9.40839579789218e+013
3.08736731139714e+002 9.36478522829693e+013
3.08798842785026e+002 9.33002788448048e+013
3.08860946442793e+002 9.30108435988795e+013
3.08923042111165e+002 9.27411244405474e+013
3.08985129788294e+002 9.24503150840855e+013
3.09047209472331e+002 9.21010447584979e+013
3.09109281161425e+002 9.16653185536923e+013
3.09171344853728e+002 9.11302481164745e+013
3.09233400547391e+002 9.05026930036460e+013
3.09295448240565e+002 8.98115161370065e+013
3.09357487931399e+002 8.91062442994651e+013
3.09419519618046e+002 8.84516223145797e+013
3.09481543298655e+002 8.79186263092071e+013
3.09543558971378e+002 8.75735195538858e+013
3.09605566634366e+002 8.74670929550095e+013
3.09667566285768e+002 8.76261708727738e+013
3.09729557923737e+002 8.80489055721965e+013
3.09791541546422e+002 8.87046124793668e+013
3.09853517151975e+002 8.95381586256461e+013
3.09915484738546e+002 9.04782913892625e+013
3.09977444304287e+002 9.14487326042027e+013
3.10039395847347e+002 9.23803201471766e+013
3.10101339365878e+002 9.32220545049655e+013
3.10163274858031e+002 9.39488430208240e+013
3.10225202321955e+002 9.45642567484772e+013
3.10287121755803e+002 9.50977308097503e+013
3.10349033157725e+002 9.55970409951913e+013
3.10410936525872e+002 9.61180638172398e+013
3.10472831858394e+002 9.67143192178205e+013
3.10534719153442e+002 9.74284546912884e+013
3.10596598409168e+002 9.82868872657718e+013
3.10658469623721e+002 9.92977481672104e+013
3.10720332795253e+002 1.00451521652050e+014
3.10782187921914e+002 1.01723533094696e+014
3.10844035001855e+002 1.03077611064683e+014
3.10905874033228e+002 1.04470527104302e+014
3.10967705014182e+002 1.05856934750926e+014
3.11029527942869e+002 1.07194404315857e+014
3.11091342817439e+002 1.08447910234352e+014
3.11153149636044e+002 1.09592995173527e+014
3.11214948396833e+002 1.10616968521900e+014
3.11276739097959e+002 1.11517896270137e+014
3.11338521737570e+002 1.12301660637658e+014
3.11400296313820e+002 1.12977816513024e+014
3.11462062824857e+002 1.13555205903207e+014
3.11523821268833e+002 1.14038272444782e+014
3.11585571643899e+002 1.14424796788427e+014
3.11647313948206e+002 1.14705443197455e+014
3.11709048179903e+002 1.14865154510050e+014
3.11770774337143e+002 1.14886115750667e+014
3.11832492418076e+002 1.14751759522789e+014
3.11894202420852e+002 1.14451125880528e+014
3.11955904343623e+002 1.13982821491224e+014
3.12017598184540e+002 1.13357848225589e+014
3.12079283941752e+002 1.12600693804006e+014
3.12140961613411e+002 1.11748310945974e+014
3.12202631197668e+002 1.10846968849301e+014
3.12264292692673e+002 1.09947413014413e+014
3.12325946096577e+002 1.09099214743911e+014
3.12387591407532e+002 1.08345466725859e+014
3.12449228623687e+002 1.07718933371588e+014
3.12510857743194e+002 1.07240350677488e+014
3.12572478764203e+002 1.06918909652457e+014
3.12634091684865e+002 1.06754296944806e+014
3.12695696503332e+002 1.06739270221931e+014
3.12757293217753e+002 1.06861762616161e+014
3.12818881826279e+002 1.07105902869865e+014
3.12880462327062e+002 1.07451909683236e+014
3.12942034718253e+002 1.07875321621826e+014
3.13003598998001e+002 1.08346279588143e+014
3.13065155164458e+002 1.08829546776827e+014
3.13126703215774e+002 1.09285711597920e+014
3.13188243150101e+002 1.09673699288367e+014
3.13249774965588e+002 1.09954418897864e+014
3.13311298660388e+002 1.10095139160231e+014
3.13372814232650e+002 1.10074024508532e+014
3.13434321680526e+002 1.09884167189282e+014
3.13495821002166e+002 1.09536431225869e+014
3.13557312195721e+002 1.09060497277804e+014
3.13618795259342e+002 1.08503676317480e+014
3.13680270191180e+002 1.07927331787617e+014
3.13741736989385e+002 1.07401071373079e+014
3.13803195652108e+002 1.06995181139687e+014
3.13864646177501e+002 1.06772030198981e+014
3.13926088563713e+002 1.06777361913881e+014
3.13987522808895e+002 1.07032525171330e+014
3.14048948911199e+002 1.07528793650377e+014
3.14110366868776e+002 1.08224927268633e+014
3.14171776679775e+002 1.09048944189693e+014
3.14233178342348e+002 1.09904585001649e+014
3.14294571854645e+002 1.10682140207801e+014
3.14355957214818e+002 1.11272315918322e+014
3.14417334421017e+002 1.11580922542979e+014
3.14478703471393e+002 1.11541728767598e+014
3.14540064364097e+002 1.11125058170900e+014
3.14601417097279e+002 1.10340611440572e+014
3.14662761669091e+002 1.09234309117025e+014
3.14724098077682e+002 1.07880254019009e+014
3.14785426321205e+002 1.06369818418369e+014
3.14846746397809e+002 1.04800153685931e+014
3.14908058305646e+002 1.03264114790779e+014
3.14969362042866e+002 1.01842884219075e+014
3.15030657607620e+002 1.00601734108356e+014
3.15091944998058e+002 9.95886125270170e+013
3.15153224212333e+002 9.88347277452132e+013
3.15214495248594e+002 9.83560960195717e+013
3.15275758104992e+002 9.81551122524469e+013
3.15337012779678e+002 9.82215435347052e+013
3.15398259270803e+002 9.85328288596473e+013
3.15459497576518e+002 9.90540526162538e+013
3.15520727694972e+002 9.97382961261408e+013
3.15581949624319e+002 1.00528149242659e+014
3.15643163362707e+002 1.01358947628418e+014
3.15704368908288e+002 1.02163848756349e+014
3.15765566259212e+002 1.02880305939362e+014
3.15826755413631e+002 1.03457013001823e+014
3.15887936369695e+002 1.03860118403481e+014
3.15949109125554e+002 1.04077523838688e+014
3.16010273679361e+002 1.04120379399344e+014
3.16071430029265e+002 1.04021383165037e+014
3.16132578173417e+002 1.03830067190100e+014
3.16193718109969e+002 1.03605782603667e+014
3.16254849837070e+002 1.03409484786172e+014
3.16315973352872e+002 1.03295600435939e+014
3.16377088655526e+002 1.03305206175037e+014
3.16438195743182e+002 1.03461482064290e+014
3.16499294613990e+002 1.03767986649119e+014
3.16560385266103e+002 1.04209827039405e+014
3.16621467697670e+002 1.04757363120647e+014
3.16682541906843e+002 1.05371752921496e+014
3.16743607891772e+002 1.06011436735688e+014
3.16804665650608e+002 1.06638564269663e+014
3.16865715181502e+002 1.07224390329954e+014
3.16926756482604e+002 1.07752821032506e+014
3.16987789552066e+002 1.08221609855369e+014
3.17048814388038e+002 1.08641167375095e+014
3.17109830988671e+002 1.09031468819068e+014
3.17170839352115e+002 1.09417956177451e+014
3.17231839476523e+002 1.09827464655634e+014
3.17292831360043e+002 1.10284972009179e+014
3.17353815000828e+002 1.10811448542782e+014
3.17414790397028e+002 1.11422503371826e+014
3.17475757546793e+002 1.12127162550665e+014
3.17536716448275e+002 1.12926170855462e+014
3.17597667099624e+002 1.13809674167721e+014
3.17658609498991e+002 1.14754794755384e+014
3.17719543644527e+002 1.15724128468714e+014
3.17780469534383e+002 1.16666292901313e+014
3.17841387166710e+002 1.17519248068038e+014
3.17902296539657e+002 1.18216336264842e+014
3.17963197651377e+002 1.18694149117518e+014
3.18024090500019e+002 1.18900753226273e+014
3.18084975083735e+002 1.18802695341893e+014
3.18145851400676e+002 1.18389568473033e+014
3.18206719448992e+002 1.17675578289930e+014
3.18267579226834e+002 1.16698250393658e+014
3.18328430732352e+002 1.15514942981633e+014
3.18389273963698e+002 1.14198062305620e+014
3.18450108919023e+002 1.12829821033052e+014
3.18510935596477e+002 1.11497111249043e+014
3.18571753994210e+002 1.10286699329826e+014
3.18632564110375e+002 1.09280615872111e+014
3.18693365943121e+002 1.08551434123798e+014
3.18754159490599e+002 1.08157199530344e+014
3.18814944750961e+002 1.08136111145815e+014
3.18875721722356e+002 1.08501567281910e+014
3.18936490402936e+002 1.09238664243133e+014
3.18997250790852e+002 1.10303424769079e+014
3.19058002884254e+002 1.11625749446995e+014
3.19118746681293e+002 1.13116327055907e+014
3.19179482180120e+002 1.14676722285870e+014
3.19240209378886e+002 1.16210942485274e+014
3.19300928275741e+002 1.17636322552922e+014
3.19361638868836e+002 1.18891738880776e+014
3.19422341156323e+002 1.19941889298001e+014
3.19483035136351e+002 1.20777361298633e+014
3.19543720807072e+002 1.21411098504688e+014
3.19604398166636e+002 1.21872417492869e+014
3.19665067213195e+002 1.22199875660386e+014
3.19725727944898e+002 1.22434165079201e+014
3.19786380359898e+002 1.22611977612682e+014
3.19847024456344e+002 1.22761559734835e+014
3.19907660232387e+002 1.22900453103197e+014
3.19968287686179e+002 1.23035638149311e+014
3.20028906815869e+002 1.23165922272085e+014
3.20089517619609e+002 1.23285982274711e+014
3.20150120095550e+002 1.23391103222618e+014
3.20210714241842e+002 1.23481492738240e+014
3.20271300056637e+002 1.23565168384717e+014
3.20331877538084e+002 1.23658782438867e+014
3.20392446684335e+002 1.23786235086877e+014
3.20453007493540e+002 1.23975382184874e+014
3.20513559963851e+002 1.24253464845299e+014
3.20574104093418e+002 1.24642049791495e+014
3.20634639880392e+002 1.25152297983560e+014
3.20695167322923e+002 1.25781308244383e+014
3.20755686419163e+002 1.26510128951784e+014
3.20816197167262e+002 1.27303799608485e+014
3.20876699565371e+002 1.28113490682879e+014
3.20937193611641e+002 1.28880494483915e+014
3.20997679304223e+002 1.29541542878513e+014
3.21058156641267e+002 1.30034751081753e+014
3.21118625620925e+002 1.30305447055796e+014
3.21179086241346e+002 1.30311237773552e+014
3.21239538500682e+002 1.30025843470497e+014
3.21299982397084e+002 1.29441440924901e+014
3.21360417928702e+002 1.28569449101249e+014
3.21420845093687e+002 1.27439838792218e+014
3.21481263890191e+002 1.26099142565581e+014
3.21541674316363e+002 1.24607382307964e+014
3.21602076370354e+002 1.23034129274928e+014
3.21662470050316e+002 1.21453891789291e+014
3.21722855354399e+002 1.19941027996438e+014
3.21783232280754e+002 1.18564441944587e+014
3.21843600827532e+002 1.17382449176578e+014
3.21903960992883e+002 1.16438352889982e+014
3.21964312774959e+002 1.15757365594419e+014
3.22024656171909e+002 1.15345441847330e+014
3.22084991181886e+002 1.15190299021607e+014
3.22145317803039e+002 1.15264440460175e+014
3.22205636033520e+002 1.15529511658795e+014
3.22265945871479e+002 1.15941013407452e+014
3.22326247315067e+002 1.16452408306292e+014
3.22386540362434e+002 1.17017996820730e+014
3.22446825011733e+002 1.17594472235877e+014
3.22507101261113e+002 1.18141577685660e+014
3.22567369108725e+002 1.18622585236660e+014
3.22627628552720e+002 1.19005292794421e+014
3.22687879591249e+002 1.19263912115519e+014
3.22748122222462e+002 1.19381731236274e+014
3.22808356444511e+002 1.19353959256958e+014
3.22868582255546e+002 1.19189866520519e+014
3.22928799653718e+002 1.18913318538183e+014
3.22989008637178e+002 1.18561082156394e+014
3.23049209204076e+002 1.18178792178780e+014
3.23109401352564e+002 1.17815076896587e+014
3.23169585080792e+002 1.17514882571264e+014
3.23229760386911e+002 1.17313339489603e+014
3.23289927269071e+002 1.17231459558017e+014
3.23350085725424e+002 1.17274538373813e+014
3.23410235754120e+002 1.17433470522147e+014
3.23470377353311e+002 1.17688484705115e+014
3.23530510521146e+002 1.18014287026189e+014
3.23590635255777e+002 1.18385411902374e+014
3.23650751555354e+002 1.18780734952440e+014
3.23710859418029e+002 1.19186490516332e+014
3.23770958841952e+002 1.19597587370682e+014
3.23831049825273e+002 1.20017382936210e+014
3.23891132366144e+002 1.20456292601650e+014
3.23951206462716e+002 1.20929691234993e+014
3.24011272113139e+002 1.21455559180730e+014
3.24071329315564e+002 1.22052272202218e+014
3.24131378068141e+002 1.22736838116607e+014
3.24191418369022e+002 1.23523731154059e+014
3.24251450216358e+002 1.24424276542105e+014
3.24311473608299e+002 1.25446342863918e+014
3.24371488542996e+002 1.26593991787183e+014
3.24431495018599e+002 1.27866787848472e+014
3.24491493033260e+002 1.29258696056662e+014
3.24551482585130e+002 1.30756811745283e+014
3.24611463672358e+002 1.32340428546362e+014
3.24671436293097e+002 1.33981015625606e+014
3.24731400445496e+002 1.35643487990605e+014
3.24791356127707e+002 1.37288778229253e+014
3.24851303337879e+002 1.38877311232597e+014
3.24911242074166e+002 1.40372717421391e+014
3.24971172334716e+002 1.41745098673605e+014
3.25031094117680e+002 1.42973372597017e+014
3.25091007421210e+002 1.44046547904976e+014
3.25150912243457e+002 1.44964067599910e+014
3.25210808582570e+002 1.45735480252789e+014
3.25270696436701e+002 1.46379645454340e+014
3.25330575804001e+002 1.46923529517684e+014
3.25390446682621e+002 1.47400525856880e+014
3.25450309070710e+002 1.47848230328806e+014
3.25510162966421e+002 1.48305721079164e+014
3.25570008367903e+002 1.48810564055106e+014
3.25629845273308e+002 1.49395891108093e+014
3.25689673680786e+002 1.50087909354226e+014
3.25749493588489e+002 1.50904092553419e+014
3.25809304994566e+002 1.51852130909546e+014
3.25869107897170e+002 1.52929556036368e+014
3.25928902294449e+002 1.54123882030640e+014
3.25988688184556e+002 1.55413137519487e+014
3.26048465565642e+002 1.56766779381018e+014
3.26108234435856e+002 1.58147108650462e+014
3.26167994793350e+002 1.59511375107440e+014
3.26227746636274e+002 1.60814704379019e+014
3.26287489962780e+002 1.62013800741832e+014
3.26347224771018e+002 1.63071111964081e+014
3.26406951059138e+002 1.63958871687361e+014
3.26466668825293e+002 1.64662259440243e+014
3.26526378067631e+002 1.65180925067530e+014
3.26586078784305e+002 1.65528356561138e+014
3.26645770973466e+002 1.65729004679239e+014
3.26705454633263e+002 1.65813616726579e+014
3.26765129761847e+002 1.65813720739719e+014
3.26824796357370e+002 1.65756473784207e+014
3.26884454417982e+002 1.65661029659951e+014
3.26944103941835e+002 1.65537184233596e+014
3.27003744927078e+002 1.65386435043456e+014
3.27063377371862e+002 1.65204943413525e+014
3.27123001274339e+002 1.64987416905028e+014
3.27182616632660e+002 1.64730773072220e+014
3.27242223444974e+002 1.64436626527192e+014
3.27301821709433e+002 1.64112077534354e+014
3.27361411424187e+002 1.63768820122907e+014
3.27420992587388e+002 1.63421062692735e+014
3.27480565197186e+002 1.63083030133525e+014
3.27540129251732e+002 1.62766832287851e+014
3.27599684749176e+002 1.62481266001455e+014
3.27659231687670e+002 1.62231765552536e+014
3.27718770065365e+002 1.62021356233237e+014
3.27778299880410e+002 1.61852205379655e+014
3.27837821130958e+002 1.61727258833464e+014
3.27897333815158e+002 1.61651494566783e+014
3.27956837931161e+002 1.61632470764434e+014
3.28016333477119e+002 1.61680026319205e+014
3.28075820451182e+002 1.61805151140422e+014
3.28135298851500e+002 1.62018158757209e+014
3.28194768676226e+002 1.62326379000022e+014
3.28254229923508e+002 1.62731676644317e+014
3.28313682591499e+002 1.63228209242394e+014
3.28373126678349e+002 1.63800938350001e+014
3.28432562182209e+002 1.64425436833502e+014
3.28491989101229e+002 1.65069415504927e+014
3.28551407433561e+002 1.65696086573858e+014
3.28610817177355e+002 1.66269026423593e+014
3.28670218330761e+002 1.66757717710689e+014
3.28729610891932e+002 1.67142614344409e+014
3.28788994859017e+002 1.67418538893493e+014
3.28848370230168e+002 1.67595551793041e+014
3.28907737003534e+002 1.67697046846244e+014
3.28967095177268e+002 1.67755528697503e+014
3.29026444749519e+002 1.67807076563009e+014
3.29085785718439e+002 1.67885720292249e+014
3.29145118082178e+002 1.68018811540434e+014
3.29204441838887e+002 1.68224065945507e+014
3.29263756986717e+002 1.68508462848699e+014
3.29323063523819e+002 1.68868791258960e+014
3.29382361448343e+002 1.69293422247807e+014
3.29441650758440e+002 1.69764866184501e+014
3.29500931452262e+002 1.70262757448474e+014
3.29560203527958e+002 1.70766992591163e+014
3.29619466983680e+002 1.71260754742646e+014
3.29678721817578e+002 1.71733081738509e+014
3.29737968027804e+002 1.72180544528206e+014
3.29797205612507e+002 1.72607597030856e+014
3.29856434569840e+002 1.73025314162292e+014
3.29915654897952e+002 1.73448550739831e+014
3.29974866594994e+002 1.73891943711063e+014
3.30034069659117e+002 1.74365508407992e+014
3.30093264088473e+002 1.74870726709389e+014
3.30152449881211e+002 1.75397941668383e+014
3.30211627035483e+002 1.75925596627224e+014
3.30270795549439e+002 1.76421485616891e+014
3.30329955421230e+002 1.76845826591358e+014
3.30389106649007e+002 1.77155706852261e+014
3.30448249230921e+002 1.77310302404234e+014
3.30507383165123e+002 1.77276214258309e+014
3.30566508449762e+002 1.77032253236457e+014
3.30625625082991e+002 1.76573019474450e+014
3.30684733062960e+002 1.75910682987009e+014
3.30743832387819e+002 1.75074526274962e+014
3.30802923055720e+002 1.74108098304852e+014
3.30862005064813e+002 1.73064236966615e+014
3.30921078413249e+002 1.71998658745013e+014
3.30980143099179e+002 1.70963158854627e+014
3.31039199120754e+002 1.69999594082374e+014
3.31098246476124e+002 1.69135683792859e+014
3.31157285163440e+002 1.68383299661015e+014
3.31216315180853e+002 1.67739423342876e+014
3.31275336526514e+002 1.67189452255548e+014
3.31334349198574e+002 1.66712124165799e+014
3.31393353195183e+002 1.66285073370895e+014
3.31452348514492e+002 1.65889956609848e+014
3.31511335154652e+002 1.65516203248765e+014
3.31570313113814e+002 1.65162733264292e+014
3.31629282390128e+002 1.64837397341549e+014
3.31688242981746e+002 1.64554345235163e+014
3.31747194886818e+002 1.64329927638831e+014
3.31806138103495e+002 1.64178002882248e+014
3.31865072629927e+002 1.64105608862999e+014
3.31923998464266e+002 1.64109872046549e+014
3.31982915604662e+002 1.64176790404200e+014
3.32041824049267e+002 1.64282189608248e+014
3.32100723796230e+002 1.64394756108361e+014
3.32159614843703e+002 1.64480645663242e+014
3.32218497189836e+002 1.64508816249881e+014
3.32277370832781e+002 1.64456022474059e+014
3.32336235770688e+002 1.64310414822227e+014
3.32395092001707e+002 1.64072952891120e+014
3.32453939523990e+002 1.63756336907212e+014
3.32512778335688e+002 1.63381774752963e+014
3.32571608434951e+002 1.62974462313413e+014
3.32630429819930e+002 1.62558986069237e+014
3.32689242488775e+002 1.62155837681974e+014
3.32748046439638e+002 1.61779848562084e+014
3.32806841670670e+002 1.61440721281953e+014
3.32865628180021e+002 1.61145160216269e+014
3.32924405965842e+002 1.60899609943837e+014
3.32983175026283e+002 1.60712453892590e+014
3.33041935359496e+002 1.60594743262009e+014
3.33100686963631e+002 1.60559030572754e+014
3.33159429836840e+002 1.60616507567231e+014
3.33218163977272e+002 1.60773208406400e+014
3.33276889383079e+002 1.61026380927632e+014
3.33335606052412e+002 1.61362158402909e+014
3.33394313983421e+002 1.61755370536446e+014
3.33453013174257e+002 1.62171791341833e+014
3.33511703623071e+002 1.62572481497823e+014
3.33570385328013e+002 1.62919325984931e+014
3.33629058287235e+002 1.63180555688345e+014
3.33687722498888e+002 1.63335064195885e+014
3.33746377961121e+002 1.63374678144780e+014
3.33805024672086e+002 1.63304102926290e+014
3.33863662629934e+002 1.63138871486220e+014
3.33922291832815e+002 1.62902086311043e+014
3.33980912278880e+002 1.62620925475168e+014
3.34039523966281e+002 1.62323741156303e+014
3.34098126893167e+002 1.62038184621524e+014
3.34156721057690e+002 1.61790302844442e+014
3.34215306458000e+002 1.61604150212842e+014
3.34273883092248e+002 1.61501279597065e+014
3.34332450958586e+002 1.61499564690586e+014
3.34391010055163e+002 1.61611111922274e+014
3.34449560380130e+002 1.61839437472605e+014
3.34508101931639e+002 1.62176486704943e+014
3.34566634707840e+002 1.62600345048901e+014
3.34625158706884e+002 1.63074545610000e+014
3.34683673926922e+002 1.63549678113732e+014
3.34742180366104e+002 1.63967565699738e+014
3.34800678022582e+002 1.64267691309698e+014
3.34859166894505e+002 1.64394974580416e+014
3.34917646980026e+002 1.64307592623097e+014
3.34976118277294e+002 1.63983434821178e+014
3.35034580784460e+002 1.63424024411003e+014
3.35093034499676e+002 1.62655260228497e+014
3.35151479421092e+002 1.61724973786859e+014
3.35209915546859e+002 1.60697866883846e+014
3.35268342875127e+002 1.59648733945453e+014
3.35326761404048e+002 1.58654917244454e+014
3.35385171131772e+002 1.57788748630171e+014
3.35443572056450e+002 1.57110451269269e+014
3.35501964176233e+002 1.56661784140483e+014
3.35560347489271e+002 1.56460720114111e+014
3.35618721993716e+002 1.56497640405025e+014
3.35677087687718e+002 1.56733768671978e+014
3.35735444569428e+002 1.57102665894675e+014
3.35793792636996e+002 1.57515409095904e+014
3.35852131888574e+002 1.57869543005153e+014
3.35910462322313e+002 1.58061122365352e+014
3.35968783936363e+002 1.57998359336965e+014
3.36027096728874e+002 1.57614797255938e+014
3.36085400697998e+002 1.56879746016951e+014
3.36143695841886e+002 1.55804025608630e+014
3.36201982158688e+002 1.54439828067447e+014
3.36260259646555e+002 1.52874558808257e+014
3.36318528303638e+002 1.51219616716694e+014
3.36376788128088e+002 1.49595969936984e+014
3.36435039118055e+002 1.48118889170070e+014
3.36493281271691e+002 1.46884220929497e+014
3.36551514587145e+002 1.45958147679574e+014
3.36609739062569e+002 1.45371620959619e+014
3.36667954696114e+002 1.45119761408772e+014
3.36726161485931e+002 1.45165698706486e+014
3.36784359430169e+002 1.45447735440234e+014
3.36842548526981e+002 1.45888444148999e+014
3.36900728774516e+002 1.46404340668294e+014
3.36958900170926e+002 1.46915036322678e+014
3.37017062714361e+002 1.47351131081422e+014
3.37075216402973e+002 1.47660441953048e+014
3.37133361234911e+002 1.47812378022592e+014
3.37191497208327e+002 1.47800352474944e+014
3.37249624321372e+002 1.47642105553439e+014
3.37307742572196e+002 1.47377785845556e+014
3.37365851958950e+002 1.47065691016935e+014
3.37423952479785e+002 1.46775762101705e+014
3.37482044132852e+002 1.46581259304045e+014
3.37540126916301e+002 1.46549457667475e+014
3.37598200828284e+002 1.46732571047997e+014
3.37656265866951e+002 1.47160306864271e+014
3.37714322030452e+002 1.47835365035161e+014
3.37772369316939e+002 1.48732786642473e+014
3.37830407724563e+002 1.49803391590369e+014
3.37888437251474e+002 1.50980767845231e+014
3.37946457895823e+002 1.52190587052984e+014
3.38004469655761e+002 1.53360606810945e+014
3.38062472529438e+002 1.54429684170439e+014
3.38120466515006e+002 1.55354456421303e+014
3.38178451610615e+002 1.56112926160629e+014
3.38236427814416e+002 1.56704844627798e+014
3.38294395124560e+002 1.57149352559547e+014
3.38352353539198e+002 1.57480699719297e+014
3.38410303056479e+002 1.57742985676942e+014
3.38468243674556e+002 1.57984776539148e+014
3.38526175391579e+002 1.58254226957232e+014
3.38584098205699e+002 1.58595057143478e+014
3.38642012115066e+002 1.59043473909796e+014
3.38699917117832e+002 1.59625934197639e+014
3.38757813212147e+002 1.60357557193730e+014
3.38815700396161e+002 1.61241005029870e+014
3.38873578668027e+002 1.62265760077518e+014
3.38931448025893e+002 1.63407893746948e+014
3.38989308467913e+002 1.64630586912461e+014
3.39047159992235e+002 1.65885749006267e+014
3.39105002597011e+002 1.67117025446352e+014
3.39162836280392e+002 1.68264255395034e+014
3.39220661040528e+002 1.69269084813094e+014
3.39278476875570e+002 1.70081060983565e+014
3.39336283783670e+002 1.70663276291256e+014
3.39394081762977e+002 1.70996605374765e+014
3.39451870811643e+002 1.71081820764652e+014
3.39509650927818e+002 1.70939303663061e+014
3.39567422109654e+002 1.70606544268452e+014
3.39625184355301e+002 1.70133997716881e+014
3.39682937662909e+002 1.69580029889498e+014
3.39740682030630e+002 1.69005646794313e+014
3.39798417456614e+002 1.68469527532869e+014
3.39856143939013e+002 1.68023682964341e+014
3.39913861475976e+002 1.67709922591813e+014
3.39971570065655e+002 1.67557255904926e+014
3.40029269706201e+002 1.67580351803491e+014
3.40086960395764e+002 1.67779172906711e+014
3.40144642132496e+002 1.68139843460057e+014
3.40202314914546e+002 1.68636687980872e+014
3.40259978740065e+002 1.69235219068696e+014
3.40317633607206e+002 1.69895707819340e+014
3.40375279514117e+002 1.70576892667834e+014
3.40432916458951e+002 1.71239407353595e+014
3.40490544439858e+002 1.71848629701548e+014
3.40548163454988e+002 1.72376819976512e+014
3.40605773502493e+002 1.72804559105203e+014
3.40663374580523e+002 1.73121557284747e+014
3.40720966687229e+002 1.73326868460270e+014
3.40778549820761e+002 1.73428451691113e+014
3.40836123979272e+002 1.73441938021075e+014
3.40893689160911e+002 1.73388467078673e+014
3.40951245363829e+002 1.73291594135697e+014
3.41008792586177e+002 1.73173521449212e+014
3.41066330826106e+002 1.73051201348015e+014
3.41123860081766e+002 1.72933077152929e+014
3.41181380351309e+002 1.72817261673598e+014
3.41238891632885e+002 1.72691748868503e+014
3.41296393924645e+002 1.72536843706805e+014
3.41353887224740e+002 1.72329485840630e+014
3.41411371531320e+002 1.72048680023212e+014
3.41468846842537e+002 1.71680961822556e+014
3.41526313156540e+002 1.71224795281283e+014
3.41583770471482e+002 1.70693018056337e+014
3.41641218785512e+002 1.70112848386778e+014
3.41698658096782e+002 1.69523437166331e+014
3.41756088403442e+002 1.68971378604494e+014
3.41813509703643e+002 1.68504905311885e+014
3.41870921995536e+002 1.68167652301952e+014
3.41928325277272e+002 1.67992887089404e+014
3.41985719547001e+002 1.67999000587778e+014
3.42043104802875e+002 1.68186862301284e+014
3.42100481043043e+002 1.68539380362061e+014
3.42157848265657e+002 1.69023289864205e+014
3.42215206468868e+002 1.69592854515619e+014
3.42272555650827e+002 1.70194869416202e+014
3.42329895809683e+002 1.70774177580969e+014
3.42387226943589e+002 1.71278913590450e+014
3.42444549050694e+002 1.71664856748241e+014
3.42501862129150e+002 1.71898545575187e+014
3.42559166177107e+002 1.71959072914248e+014
3.42616461192717e+002 1.71838656753662e+014
3.42673747174129e+002 1.71542137440672e+014
3.42731024119495e+002 1.71085523118963e+014
3.42788292026966e+002 1.70493666874199e+014
3.42845550894692e+002 1.69797189084031e+014
3.42902800720824e+002 1.69028894596186e+014
3.42960041503513e+002 1.68220138887698e+014
3.43017273240910e+002 1.67397771405775e+014
3.43074495931166e+002 1.66582311007937e+014
3.43131709572430e+002 1.65787808655128e+014
3.43188914162855e+002 1.65023441283097e+014
3.43246109700590e+002 1.64296380663938e+014
3.43303296183788e+002 1.63615070211447e+014
3.43360473610597e+002 1.62991875931083e+014
3.43417641979170e+002 1.62444221333306e+014
3.43474801287657e+002 1.61993722653089e+014
3.43531951534209e+002 1.61663374557491e+014
3.43589092716976e+002 1.61473335751754e+014
3.43646224834110e+002 1.61436203268044e+014
3.43703347883761e+002 1.61552778448197e+014
3.43760461864080e+002 1.61809214328585e+014
3.43817566773218e+002 1.62176147067072e+014
3.43874662609325e+002 1.62610037287805e+014
3.43931749370553e+002 1.63056563731764e+014
3.43988827055052e+002 1.63455594353716e+014
3.44045895660973e+002 1.63747048283643e+014
3.44102955186466e+002 1.63876860787585e+014
3.44160005629683e+002 1.63802271731439e+014
3.44217046988775e+002 1.63495774990971e+014
3.44274079261892e+002 1.62947284865119e+014
3.44331102447184e+002 1.62164379316991e+014
3.44388116542803e+002 1.61170811150043e+014
3.44445121546900e+002 1.60003746100026e+014
3.44502117457625e+002 1.58710319064205e+014
3.44559104273129e+002 1.57344063543717e+014
3.44616081991563e+002 1.55961592510353e+014
3.44673050611078e+002 1.54619680313938e+014
3.44730010129824e+002 1.53372705763839e+014
3.44786960545952e+002 1.52270325910646e+014
3.44843901857614e+002 1.51355290099028e+014
3.44900834062959e+002 1.50661446436609e+014
3.44957757160139e+002 1.50212158483777e+014
3.45014671147304e+002 1.50019455676042e+014
3.45071576022605e+002 1.50084212079539e+014
3.45128471784194e+002 1.50397459725482e+014
3.45185358430220e+002 1.50942657190687e+014
3.45242235958835e+002 1.51698454331107e+014
3.45299104368189e+002 1.52641322220232e+014
3.45355963656433e+002 1.53747429416488e+014
3.45412813821719e+002 1.54993343887743e+014
3.45469654862196e+002 1.56355465964337e+014
3.45526486776015e+002 1.57808469318249e+014
3.45583309561328e+002 1.59323333312149e+014
3.45640123216285e+002 1.60865694516773e+014
3.45696927739037e+002 1.62395192987334e+014
3.45753723127735e+002 1.63866251197469e+014
3.45810509380529e+002 1.65230368909895e+014
3.45867286495570e+002 1.66439660001200e+014
3.45924054471010e+002 1.67451077370381e+014
3.45980813304998e+002 1.68230613816729e+014
3.46037562995686e+002 1.68756757300028e+014
3.46094303541225e+002 1.69022600515709e+014
3.46151034939765e+002 1.69036236257917e+014
3.46207757189456e+002 1.68819389967790e+014
3.46264470288451e+002 1.68404582300585e+014
3.46321174234899e+002 1.67831403957078e+014
3.46377869026952e+002 1.67142648939337e+014
3.46434554662760e+002 1.66381028531771e+014
3.46491231140474e+002 1.65586983566879e+014
3.46547898458244e+002 1.64797779300402e+014
3.46604556614222e+002 1.64047691327008e+014
3.46661205606559e+002 1.63368785971227e+014
3.46717845433405e+002 1.62791643965996e+014
3.46774476092911e+002 1.62345416071523e+014
3.46831097583227e+002 1.62056832135719e+014
3.46887709902505e+002 1.61948132964752e+014
3.46944313048895e+002 1.62034251244466e+014
3.47000907020549e+002 1.62319826050879e+014
3.47057491815616e+002 1.62796717317020e+014
3.47114067432248e+002 1.63442600863855e+014
3.47170633868596e+002 1.64221027041102e+014
3.47227191122810e+002 1.65083088043744e+014
3.47283739193041e+002 1.65970623406132e+014
3.47340278077439e+002 1.66820705629847e+014
3.47396807774157e+002 1.67570986461353e+014
3.47453328281344e+002 1.68165353240125e+014
3.47509839597151e+002 1.68559247893366e+014
3.47566341719729e+002 1.68723980918614e+014
3.47622834647229e+002 1.68649445939743e+014
3.47679318377802e+002 1.68344811719091e+014
3.47735792909598e+002 1.67837035101798e+014
3.47792258240768e+002 1.67167350526732e+014
3.47848714369463e+002 1.66386211827625e+014
3.47905161293834e+002 1.65547426276460e+014
3.47961599012032e+002 1.64702364161449e+014
3.48018027522207e+002 1.63895121670251e+014
3.48074446822510e+002 1.63159336624375e+014
3.48130856911092e+002 1.62517044175279e+014
3.48187257786104e+002 1.61979578759340e+014
3.48243649445696e+002 1.61550147430910e+014
3.48300031888020e+002 1.61227404707993e+014
3.48356405111226e+002 1.61009194091209e+014
3.48412769113465e+002 1.60895615248354e+014
3.48469123892887e+002 1.60890739534213e+014
3.48525469447644e+002 1.61002599365687e+014
3.48581805775886e+002 1.61241475398055e+014
3.48638132875765e+002 1.61616913942861e+014
3.48694450745430e+002 1.62134223390922e+014
3.48750759383033e+002 1.62791342048034e+014
3.48807058786724e+002 1.63576885612904e+014
3.48863348954654e+002 1.64469896006528e+014
3.48919629884975e+002 1.65441395503683e+014
3.48975901575836e+002 1.66457404000481e+014
3.49032164025389e+002 1.67482730232691e+014
3.49088417231785e+002 1.68484672144424e+014
3.49144661193173e+002 1.69435815012938e+014
3.49200895907706e+002 1.70315386375167e+014
3.49257121373533e+002 1.71109033501422e+014
3.49313337588806e+002 1.71807336682699e+014
3.49369544551676e+002 1.72403712025069e+014
3.49425742260292e+002 1.72892496592304e+014
3.49481930712807e+002 1.73267910665920e+014
3.49538109907370e+002 1.73524282831905e+014
3.49594279842133e+002 1.73657519928647e+014
3.49650440515246e+002 1.73667418216235e+014
3.49706591924860e+002 1.73560156187476e+014
3.49762734069126e+002 1.73350245937913e+014
3.49818866946195e+002 1.73061346064674e+014
3.49874990554217e+002 1.72725617054903e+014
3.49931104891344e+002 1.72381638791198e+014
3.49987209955725e+002 1.72071224898959e+014
3.50043305745513e+002 1.71835677071816e+014
3.50099392258857e+002 1.71712087387980e+014
3.50155469493909e+002 1.71730223567917e+014
3.50211537448819e+002 1.71910361126577e+014
3.50267596121738e+002 1.72262224545509e+014
3.50323645510816e+002 1.72785010860268e+014
3.50379685614206e+002 1.73468335744587e+014
3.50435716430057e+002 1.74293855412760e+014
3.50491737956520e+002 1.75237279339158e+014
3.50547750191746e+002 1.76270477671484e+014
3.50603753133885e+002 1.77363401139027e+014
3.50659746781090e+002 1.78485584266715e+014
3.50715731131509e+002 1.79607080906018e+014
3.50771706183295e+002 1.80698805356731e+014
3.50827671934598e+002 1.81732378968672e+014
3.50883628383569e+002 1.82679700283959e+014
3.50939575528358e+002 1.83512533940144e+014
3.50995513367116e+002 1.84202422118329e+014
3.51051441897995e+002 1.84721179654285e+014
3.51107361119144e+002 1.85042123384495e+014
3.51163271028715e+002 1.85142051817946e+014
3.51219171624859e+002 1.85003837249652e+014
3.51275062905726e+002 1.84619348336049e+014
3.51330944869467e+002 1.83992304564265e+014
3.51386817514233e+002 1.83140579360405e+014
3.51442680838174e+002 1.82097451887055e+014
3.51498534839442e+002 1.80911358143023e+014
3.51554379516188e+002 1.79643858295961e+014
3.51610214866561e+002 1.78365789265248e+014
3.51666040888713e+002 1.77151899847392e+014
3.51721857580795e+002 1.76074576716874e+014
3.51777664940957e+002 1.75197484007016e+014
3.51833462967350e+002 1.74569989093990e+014
3.51889251658125e+002 1.74223096725548e+014
3.51945031011433e+002 1.74167328539251e+014
3.52000801025425e+002 1.74392625502842e+014
3.52056561698251e+002 1.74870048109476e+014
3.52112313028062e+002 1.75554850892349e+014
3.52168055013010e+002 1.76390464015882e+014
3.52223787651243e+002 1.77312973792597e+014
3.52279510940915e+002 1.78255815470810e+014
3.52335224880175e+002 1.79154488557776e+014
3.52390929467173e+002 1.79951141985067e+014
3.52446624700062e+002 1.80598830299743e+014
3.52502310576992e+002 1.81065138924609e+014
3.52557987096113e+002 1.81334781484420e+014
3.52613654255576e+002 1.81410741917894e+014
3.52669312053532e+002 1.81313636896420e+014
3.52724960488132e+002 1.81079198402541e+014
3.52780599557527e+002 1.80754096115942e+014
3.52836229259868e+002 1.80390636386209e+014
3.52891849593304e+002 1.80041114032831e+014
3.52947460555988e+002 1.79752670218636e+014
3.53003062146069e+002 1.79563404606524e+014
3.53058654361699e+002 1.79500209803557e+014
3.53114237201029e+002 1.79578421239584e+014
3.53169810662208e+002 1.79802998475228e+014
3.53225374743389e+002 1.80170691285823e+014
3.53280929442721e+002 1.80672550148915e+014
3.53336474758356e+002 1.81296231880911e+014
3.53392010688445e+002 1.82027754128641e+014
3.53447537231137e+002 1.82852596710798e+014
3.53503054384585e+002 1.83756232659244e+014
3.53558562146938e+002 1.84724276022454e+014
3.53614060516348e+002 1.85742431899304e+014
3.53669549490965e+002 1.86796381392351e+014
3.53725029068940e+002 1.87871659360296e+014
3.53780499248424e+002 1.88953538445352e+014
3.53835960027568e+002 1.90026933929226e+014
3.53891411404522e+002 1.91076374655527e+014
3.53946853377438e+002 1.92086129772820e+014
3.54002285944465e+002 1.93040582452171e+014
3.54057709103756e+002 1.93924910761421e+014
3.54113122853460e+002 1.94726041303097e+014
3.54168527191728e+002 1.95433744848471e+014
3.54223922116712e+002 1.96041647400890e+014
3.54279307626562e+002 1.96547906485511e+014
3.54334683719429e+002 1.96955347175632e+014
3.54390050393463e+002 1.97270984686356e+014
3.54445407646816e+002 1.97505024846077e+014
3.54500755477638e+002 1.97669580619834e+014
3.54556093884080e+002 1.97777403688295e+014
3.54611422864292e+002 1.97840880040040e+014
3.54666742416427e+002 1.97871397362351e+014
3.54722052538633e+002 1.97879020860842e+014
3.54777353229063e+002 1.97872287945014e+014
3.54832644485867e+002 1.97857899509003e+014
3.54887926307195e+002 1.97840155397465e+014
3.54943198691199e+002 1.97820121301558e+014
3.54998461636030e+002 1.97794673071823e+014
3.55053715139837e+002 1.97755687755959e+014
3.55108959200773e+002 1.97689698458260e+014
3.55164193816987e+002 1.97578278020315e+014
3.55219418986630e+002 1.97399271428312e+014
3.55274634707854e+002 1.97128791231529e+014
3.55329840978809e+002 1.96743691560178e+014
3.55385037797646e+002 1.96224104551093e+014
3.55440225162515e+002 1.95555613145134e+014
3.55495403071568e+002 1.94730735246166e+014
3.55550571522955e+002 1.93749584342032e+014
3.55605730514827e+002 1.92619766755886e+014
3.55660880045335e+002 1.91355740619899e+014
3.55716020112630e+002 1.89977923397607e+014
3.55771150714862e+002 1.88511811467590e+014
3.55826271850182e+002 1.86987239209777e+014
3.55881383516741e+002 1.85437735892165e+014
3.55936485712690e+002 1.83899752649154e+014
3.55991578436180e+002 1.82411447691749e+014
3.56046661685361e+002 1.81010743837588e+014
3.56101735458384e+002 1.79732573040447e+014
3.56156799753400e+002 1.78605501221740e+014
3.56211854568560e+002 1.77648233274611e+014
3.56266899902014e+002 1.76866670048433e+014
3.56321935751914e+002 1.76252188366983e+014
3.56376962116409e+002 1.75781589392722e+014
3.56431978993652e+002 1.75418814305167e+014
3.56486986381792e+002 1.75118140590580e+014
3.56541984278981e+002 1.74828292938174e+014
3.56596972683369e+002 1.74496779992311e+014
3.56651951593108e+002 1.74073835293840e+014
3.56706921006347e+002 1.73515542555642e+014
3.56761880921237e+002 1.72785997753862e+014
3.56816831335930e+002 1.71858614390252e+014
3.56871772248577e+002 1.70716848258485e+014
3.56926703657327e+002 1.69354657271115e+014
3.56981625560332e+002 1.67776923707728e+014
3.57036537955743e+002 1.65999880483483e+014
3.57091440841711e+002 1.64051388966675e+014
3.57146334216385e+002 1.61970773172281e+014
3.57201218077918e+002 1.59807911610940e+014
3.57256092424459e+002 1.57621389712207e+014
3.57310957254160e+002 1.55475723947302e+014
3.57365812565171e+002 1.53437849167221e+014
3.57420658355643e+002 1.51573211273207e+014
3.57475494623727e+002 1.49941826762289e+014
3.57530321367574e+002 1.48594649821117e+014
3.57585138585335e+002 1.47570493513720e+014
3.57639946275160e+002 1.46893701172039e+014
3.57694744435200e+002 1.46572714268937e+014
3.57749533063606e+002 1.46599679991778e+014
3.57804312158528e+002 1.46951211737973e+014
3.57859081718118e+002 1.47590344661987e+014
3.57913841740527e+002 1.48469588619039e+014
3.57968592223904e+002 1.49534785513633e+014
3.58023333166401e+002 1.50729304497199e+014
3.58078064566169e+002 1.51998002837950e+014
3.58132786421359e+002 1.53290424467957e+014
3.58187498730120e+002 1.54562873623103e+014
3.58242201490605e+002 1.55779261755047e+014
3.58296894700963e+002 1.56910889073947e+014
3.58351578359346e+002 1.57935523010762e+014
3.58406252463905e+002 1.58836238211683e+014
3.58460917012790e+002 1.59600460265712e+014
3.58515572004151e+002 1.60219544208330e+014
3.58570217436141e+002 1.60689017116403e+014
3.58624853306909e+002 1.61009395080553e+014
3.58679479614606e+002 1.61187271810391e+014
3.58734096357384e+002 1.61236252353013e+014
3.58788703533392e+002 1.61177292648717e+014
3.58843301140783e+002 1.61038126123265e+014
3.58897889177705e+002 1.60851676740584e+014
3.58952467642311e+002 1.60653610779705e+014
3.59007036532752e+002 1.60479397840819e+014
3.59061595847177e+002 1.60361369397071e+014
3.59116145583738e+002 1.60326259322473e+014
3.59170685740585e+002 1.60393596366112e+014
3.59225216315869e+002 1.60575134346750e+014
3.59279737307742e+002 1.60875309084769e+014
3.59334248714354e+002 1.61292539981329e+014
3.59388750533855e+002 1.61821078136231e+014
3.59443242764396e+002 1.62453050572676e+014
3.59497725404129e+002 1.63180355182745e+014
3.59552198451204e+002 1.63996126945559e+014
3.59606661903772e+002 1.64895590908392e+014
3.59661115759983e+002 1.65876238651794e+014
3.59715560017989e+002 1.66937367508143e+014
3.59769994675940e+002 1.68079104394290e+014
3.59824419731987e+002 1.69301083488908e+014
3.59878835184280e+002 1.70600965395003e+014
3.59933241030972e+002 1.71972997903860e+014
3.59987637270211e+002 1.73406806469373e+014
3.60042023900150e+002 1.74886600343902e+014
3.60096400918939e+002 1.76390940576059e+014
3.60150768324728e+002 1.77893171499863e+014
3.60205126115669e+002 1.79362529841471e+014
3.60259474289912e+002 1.80765836458318e+014
3.60313812845609e+002 1.82069560818677e+014
3.60368141780909e+002 1.83241943315836e+014
3.60422461093964e+002 1.84254840792078e+014
3.60476770782925e+002 1.85085017138107e+014
3.60531070845941e+002 1.85714768322067e+014
3.60585361281165e+002 1.86131971795873e+014
3.60639642086747e+002 1.86329819650646e+014
3.60693913260837e+002 1.86306565863923e+014
3.60748174801587e+002 1.86065551317378e+014
3.60802426707147e+002 1.85615613694412e+014
3.60856668975668e+002 1.84971796944029e+014
3.60910901605301e+002 1.84156120516588e+014
3.60965124594197e+002 1.83198101154157e+014
3.61019337940506e+002 1.82134733452459e+014
3.61073541642379e+002 1.81009720802417e+014
3.61127735697967e+002 1.79871870864914e+014
3.61181920105421e+002 1.78772691102333e+014
3.61236094862891e+002 1.77763339547074e+014
3.61290259968529e+002 1.76891165678041e+014
3.61344415420485e+002 1.76196133788276e+014
3.61398561216910e+002 1.75707450066026e+014
3.61452697355955e+002 1.75440718040396e+014
3.61506823835770e+002 1.75395946427359e+014
3.61560940654506e+002 1.75556706862416e+014
3.61615047810315e+002 1.75890686666924e+014
3.61669145301346e+002 1.76351779076868e+014
3.61723233125751e+002 1.76883685946728e+014
3.61777311281681e+002 1.77424791549297e+014
3.61831379767286e+002 1.77913836806636e+014
3.61885438580717e+002 1.78295736227453e+014
3.61939487720125e+002 1.78526802155643e+014
3.61993527183661e+002 1.78578706208029e+014
3.62047556969475e+002 1.78440716348679e+014
3.62101577075718e+002 1.78120058477271e+014
3.62155587500541e+002 1.77640577762747e+014
3.62209588242095e+002 1.77040128589707e+014
3.62263579298531e+002 1.76367238221803e+014
3.62317560667999e+002 1.75677546290659e+014
3.62371532348650e+002 1.75030356080898e+014
3.62425494338635e+002 1.74485423518815e+014
3.62479446636106e+002 1.74099924529881e+014
3.62533389239211e+002 1.73925449475672e+014
3.62587322146103e+002 1.74004899476935e+014
3.62641245354932e+002 1.74369288163197e+014
3.62695158863849e+002 1.75034651408345e+014
3.62749062671005e+002 1.75999466987873e+014
3.62802956774550e+002 1.77243101825504e+014
3.62856841172636e+002 1.78725784971953e+014
3.62910715863413e+002 1.80390424774668e+014
3.62964580845032e+002 1.82166280765965e+014
3.63018436115643e+002 1.83974172127300e+014
3.63072281673398e+002 1.85732626830258e+014
3.63126117516447e+002 1.87364228281472e+014
3.63179943642941e+002 1.88801424462352e+014
3.63233760051031e+002 1.89991183146117e+014
3.63287566738868e+002 1.90898086220859e+014
3.63341363704602e+002 1.91505707805428e+014
3.63395150946384e+002 1.91816362779144e+014
3.63448928462366e+002 1.91849526228424e+014
3.63502696250697e+002 1.91639346742156e+014
3.63556454309529e+002 1.91231688837182e+014
3.63610202637012e+002 1.90681049973692e+014
3.63663941231298e+002 1.90047546285128e+014
3.63717670090536e+002 1.89394013451800e+014
3.63771389212878e+002 1.88783185502152e+014
3.63825098596475e+002 1.88274909873993e+014
3.63878798239477e+002 1.87923413416008e+014
3.63932488140035e+002 1.87774717207864e+014
3.63986168296301e+002 1.87864364494608e+014
3.64039838706424e+002 1.88215653246376e+014
3.64093499368555e+002 1.88838548225828e+014
3.64147150280846e+002 1.89729392272530e+014
3.64200791441447e+002 1.90871451468328e+014
3.64254422848509e+002 1.92236234383633e+014
3.64308044500182e+002 1.93785446390296e+014
3.64361656394618e+002 1.95473384411794e+014
3.64415258529967e+002 1.97249566897677e+014
3.64468850904381e+002 1.99061424275710e+014
3.64522433516009e+002 2.00856914104347e+014
3.64576006363003e+002 2.02586971484033e+014
3.64629569443513e+002 2.04207734828190e+014
3.64683122755691e+002 2.05682488381675e+014
3.64736666297686e+002 2.06983264827510e+014
3.64790200067651e+002 2.08092043985711e+014
3.64843724063735e+002 2.09001470763360e+014
3.64897238284089e+002 2.09715016118190e+014
3.64950742726865e+002 2.10246509951923e+014
3.65004237390212e+002 2.10619003501056e+014
3.65057722272282e+002 2.10862987199298e+014
3.65111197371226e+002 2.11014081612412e+014
3.65164662685195e+002 2.11110415381182e+014
3.65218118212338e+002 2.11189973828590e+014
3.65271563950807e+002 2.11288212593284e+014
3.65324999898753e+002 2.11436181761275e+014
3.65378426054327e+002 2.11659312906327e+014
3.65431842415679e+002 2.11976907933750e+014
3.65485248980960e+002 2.12402262911176e+014
3.65538645748321e+002 2.12943277100244e+014
3.65592032715913e+002 2.13603343564818e+014
3.65645409881886e+002 2.14382302295770e+014
3.65698777244391e+002 2.15277258831144e+014
3.65752134801580e+002 2.16283125534793e+014
3.65805482551602e+002 2.17392825654556e+014
3.65858820492609e+002 2.18597190095911e+014
3.65912148622751e+002 2.19884651275681e+014
3.65965466940180e+002 2.21240891208425e+014
3.66018775443046e+002 2.22648615148809e+014
3.66072074129499e+002 2.24087591777483e+014
3.66125362997691e+002 2.25535042890407e+014
3.66178642045773e+002 2.26966384991829e+014
3.66231911271894e+002 2.28356239323115e+014
3.66285170674207e+002 2.29679568352072e+014
3.66338420250862e+002 2.30912773815093e+014
3.66391660000009e+002 2.32034604591290e+014
3.66444889919799e+002 2.33026773650608e+014
3.66498110008383e+002 2.33874254692062e+014
3.66551320263913e+002 2.34565302574657e+014
3.66604520684538e+002 2.35091311218712e+014
3.66657711268410e+002 2.35446667616354e+014
3.66710892013679e+002 2.35628759370855e+014
3.66764062918496e+002 2.35638240873152e+014
3.66817223981012e+002 2.35479565353663e+014
3.66870375199378e+002 2.35161674994110e+014
3.66923516571744e+002 2.34698650889922e+014
3.66976648096262e+002 2.34110090953235e+014
3.67029769771081e+002 2.33421015471920e+014
3.67082881594354e+002 2.32661179264833e+014
3.67135983564230e+002 2.31863771067985e+014
3.67189075678860e+002 2.31063579766751e+014
3.67242157936396e+002 2.30294792399201e+014
3.67295230334988e+002 2.29588653350675e+014
3.67348292872786e+002 2.28971253403237e+014
3.67401345547942e+002 2.28461718052634e+014
3.67454388358607e+002 2.28071016170251e+014
3.67507421302931e+002 2.27801520508305e+014
3.67560444379065e+002 2.27647342806340e+014
3.67613457585159e+002 2.27595369763099e+014
3.67666460919365e+002 2.27626865292106e+014
3.67719454379834e+002 2.27719479647583e+014
3.67772437964715e+002 2.27849497594875e+014
3.67825411672161e+002 2.27994143494357e+014
3.67878375500321e+002 2.28133733453800e+014
3.67931329447347e+002 2.28253439957159e+014
3.67984273511389e+002 2.28344439016032e+014
3.68037207690598e+002 2.28404262116660e+014
3.68090131983126e+002 2.28436274276053e+014
3.68143046387121e+002 2.28448326466035e+014
3.68195950900737e+002 2.28450757916307e+014
3.68248845522122e+002 2.28454028192018e+014
3.68301730249429e+002 2.28466326659814e+014
3.68354605080807e+002 2.28491528875435e+014
3.68407470014409e+002 2.28527838974959e+014
3.68460325048383e+002 2.28567372581830e+014
3.68513170180882e+002 2.28596801100377e+014
3.68566005410056e+002 2.28599010487133e+014
3.68618830734056e+002 2.28555552556105e+014
3.68671646151032e+002 2.28449516829066e+014
3.68724451659135e+002 2.28268356161770e+014
3.68777247256517e+002 2.28006183300838e+014
3.68830032941328e+002 2.27665128283768e+014
3.68882808711719e+002 2.27255499727319e+014
3.68935574565840e+002 2.26794701495904e+014
3.68988330501842e+002 2.26305080931342e+014
3.69041076517877e+002 2.25811078130777e+014
3.69093812612095e+002 2.25336166278142e+014
3.69146538782646e+002 2.24900096871208e+014
3.69199255027682e+002 2.24516890661736e+014
3.69251961345353e+002 2.24193867064932e+014
3.69304657733811e+002 2.23931819051850e+014
3.69357344191205e+002 2.23726254500867e+014
3.69410020715687e+002 2.23569464987388e+014
3.69462687305407e+002 2.23453065925459e+014
3.69515343958517e+002 2.23370590716179e+014
3.69567990673166e+002 2.23319724076081e+014
3.69620627447507e+002 2.23303827250755e+014
3.69673254279689e+002 2.23332529142479e+014
3.69725871167864e+002 2.23421307193012e+014
3.69778478110182e+002 2.23590125847350e+014
3.69831075104794e+002 2.23861310545480e+014
3.69883662149850e+002 2.24256899392209e+014
3.69936239243503e+002 2.24795739866014e+014
3.69988806383901e+002 2.25490601730551e+014
3.70041363569197e+002 2.26345575487908e+014
3.70093910797541e+002 2.27354019026102e+014
3.70146448067084e+002 2.28497291210589e+014
3.70198975375976e+002 2.29744455562467e+014
3.70251492722369e+002 2.31053045169929e+014
3.70304000104413e+002 2.32370861747586e+014
3.70356497520258e+002 2.33638661321338e+014
3.70408984968057e+002 2.34793485655360e+014
3.70461462445959e+002 2.35772349855627e+014
3.70513929952115e+002 2.36515994364976e+014
3.70566387484676e+002 2.36972439467208e+014
3.70618835041793e+002 2.37100127219277e+014
3.70671272621617e+002 2.36870484908472e+014
3.70723700222299e+002 2.36269791345528e+014
3.70776117841988e+002 2.35300274559867e+014
3.70828525478837e+002 2.33980414890190e+014
3.70880923130996e+002 2.32344470058439e+014
3.70933310796615e+002 2.30441268281224e+014
3.70985688473846e+002 2.28332328249520e+014
3.71038056160839e+002 2.26089364657006e+014
3.71090413855745e+002 2.23791240195767e+014
3.71142761556714e+002 2.21520443949289e+014
3.71195099261899e+002 2.19359221286330e+014
3.71247426969449e+002 2.17385536394616e+014
3.71299744677515e+002 2.15669089788197e+014
3.71352052384247e+002 2.14267620897900e+014
3.71404350087798e+002 2.13223698554505e+014
3.71456637786317e+002 2.12562156472366e+014
3.71508915477956e+002 2.12288293239322e+014
3.71561183160865e+002 2.12386943347132e+014
3.71613440833195e+002 2.12822532403858e+014
3.71665688493096e+002 2.13540230316220e+014
3.71717926138720e+002 2.14468287124834e+014
3.71770153768217e+002 2.15521563958971e+014
3.71822371379739e+002 2.16606165035273e+014
3.71874578971435e+002 2.17624955550827e+014
3.71926776541457e+002 2.18483633212645e+014
3.71978964087955e+002 2.19096919761000e+014
3.72031141609081e+002 2.19394363009591e+014
3.72083309102985e+002 2.19325202262662e+014
3.72135466567817e+002 2.18861775905424e+014
3.72187614001730e+002 2.18001061447946e+014
3.72239751402872e+002 2.16764141405547e+014
3.72291878769396e+002 2.15193659055816e+014
3.72343996099452e+002 2.13349613257733e+014
3.72396103391191e+002 2.11304072405180e+014
3.72448200642764e+002 2.09135504416196e+014
3.72500287852320e+002 2.06923394527543e+014
3.72552365018012e+002 2.04743669163888e+014
3.72604432137990e+002 2.02665214059467e+014
3.72656489210405e+002 2.00747532902088e+014
3.72708536233407e+002 1.99039395905197e+014
3.72760573205148e+002 1.97578207523371e+014
3.72812600123778e+002 1.96389783306744e+014
3.72864616987447e+002 1.95488256418102e+014
3.72916623794308e+002 1.94875921357703e+014
3.72968620542510e+002 1.94542952625313e+014
3.73020607230204e+002 1.94467091101920e+014
3.73072583855542e+002 1.94613536714940e+014
3.73124550416673e+002 1.94935375983929e+014
3.73176506911749e+002 1.95374868914811e+014
3.73228453338920e+002 1.95865810556387e+014
3.73280389696338e+002 1.96336997070970e+014
3.73332315982153e+002 1.96716618998637e+014
3.73384232194515e+002 1.96937231394686e+014
3.73436138331577e+002 1.96940844364464e+014
3.73488034391487e+002 1.96683642956923e+014
3.73539920372398e+002 1.96139870335054e+014
3.73591796272460e+002 1.95304476400072e+014
3.73643662089824e+002 1.94194237625926e+014
3.73695517822640e+002 1.92847186505099e+014
3.73747363469060e+002 1.91320342568420e+014
3.73799199027234e+002 1.89685898218024e+014
3.73851024495313e+002 1.88026163014280e+014
3.73902839871448e+002 1.86427692017461e+014
3.73954645153789e+002 1.84975103624396e+014
3.74006440340488e+002 1.83745120388409e+014
3.74058225429695e+002 1.82801338430503e+014
3.74110000419560e+002 1.82190149026214e+014
3.74161765308236e+002 1.81938106642970e+014
3.74213520093872e+002 1.82050877755778e+014
3.74265264774619e+002 1.82513735446821e+014
3.74316999348628e+002 1.83293409552978e+014
3.74368723814051e+002 1.84340986123779e+014
3.74420438169037e+002 1.85595491019192e+014
3.74472142411737e+002 1.86987799117247e+014
3.74523836540303e+002 1.88444579493396e+014
3.74575520552884e+002 1.89892091716309e+014
3.74627194447633e+002 1.91259751338786e+014
3.74678858222699e+002 1.92483448170456e+014
3.74730511876234e+002 1.93508607647674e+014
3.74782155406388e+002 1.94292944613273e+014
3.74833788811312e+002 1.94808799218084e+014
3.74885412089157e+002 1.95044898153935e+014
3.74937025238073e+002 1.95007371425597e+014
3.74988628256212e+002 1.94719872633273e+014
3.75040221141724e+002 1.94222687666921e+014
3.75091803892760e+002 1.93570766757832e+014
3.75143376507470e+002 1.92830679598920e+014
3.75194938984007e+002 1.92076583767476e+014
3.75246491320519e+002 1.91385415133385e+014
3.75298033515159e+002 1.90831640850272e+014
3.75349565566077e+002 1.90482030484241e+014
3.75401087471423e+002 1.90390962799782e+014
3.75452599229349e+002 1.90596768742465e+014
3.75504100838005e+002 1.91119509589640e+014
3.75555592295543e+002 1.91960418461037e+014
3.75607073600112e+002 1.93103026061051e+014
3.75658544749864e+002 1.94515785651252e+014
3.75710005742949e+002 1.96155842116363e+014
3.75761456577519e+002 1.97973476694469e+014
3.75812897251724e+002 1.99916710397020e+014
3.75864327763714e+002 2.01935563146891e+014
3.75915748111641e+002 2.03985536205090e+014
3.75967158293656e+002 2.06030005187105e+014
3.76018558307909e+002 2.08041369635110e+014
3.76069948152551e+002 2.10000983726389e+014
3.76121327825733e+002 2.11898062969851e+014
3.76172697325605e+002 2.13727891974350e+014
3.76224056650319e+002 2.15489722084064e+014
3.76275405798025e+002 2.17184735705759e+014
3.76326744766873e+002 2.18814375053136e+014
3.76378073555016e+002 2.20379210608879e+014
3.76429392160603e+002 2.21878389431544e+014
3.76480700581786e+002 2.23309584586402e+014
3.76531998816715e+002 2.24669289703720e+014
3.76583286863540e+002 2.25953281651309e+014
3.76634564720414e+002 2.27157109424121e+014
3.76685832385485e+002 2.28276538766253e+014
3.76737089856907e+002 2.29307954010637e+014
3.76788337132828e+002 2.30248756084262e+014
3.76839574211400e+002 2.31097781234611e+014
3.76890801090774e+002 2.31855712664902e+014
3.76942017769100e+002 2.32525402895942e+014
3.76993224244530e+002 2.33112004736333e+014
3.77044420515214e+002 2.33622837869555e+014
3.77095606579302e+002 2.34066980793764e+014
3.77146782434946e+002 2.34454642075105e+014
3.77197948080297e+002 2.34796402868307e+014
3.77249103513505e+002 2.35102427531747e+014
3.77300248732721e+002 2.35381724079481e+014
3.77351383736095e+002 2.35641521084841e+014
3.77402508521780e+002 2.35886823996451e+014
3.77453623087924e+002 2.36120216646894e+014
3.77504727432680e+002 2.36341967369901e+014
3.77555821554198e+002 2.36550469150300e+014
3.77606905450628e+002 2.36742987576969e+014
3.77657979120122e+002 2.36916624449498e+014
3.77709042560831e+002 2.37069352433213e+014
3.77760095770905e+002 2.37200958163472e+014
3.77811138748494e+002 2.37313753544227e+014
3.77862171491751e+002 2.37412965922887e+014
3.77913193998824e+002 2.37506775137609e+014
3.77964206267866e+002 2.37606008426203e+014
3.78015208297028e+002 2.37723524271519e+014
3.78066200084459e+002 2.37873320502592e+014
3.78117181628311e+002 2.38069407144446e+014
3.78168152926734e+002 2.38324504984230e+014
3.78219113977879e+002 2.38648668307639e+014
3.78270064779898e+002 2.39047971586599e+014
3.78321005330940e+002 2.39523423609864e+014
3.78371935629158e+002 2.40070264382810e+014
3.78422855672700e+002 2.40677759494760e+014
3.78473765459719e+002 2.41329547536229e+014
3.78524664988365e+002 2.42004536527504e+014
3.78575554256788e+002 2.42678294768283e+014
3.78626433263140e+002 2.43324837943799e+014
3.78677302005572e+002 2.43918668788175e+014
3.78728160482234e+002 2.44436874889829e+014
3.78779008691276e+002 2.44861044300304e+014
3.78829846630851e+002 2.45178742185103e+014
3.78880674299108e+002 2.45384326456810e+014
3.78931491694198e+002 2.45478972997357e+014
3.78982298814273e+002 2.45469912849682e+014
3.79033095657482e+002 2.45369015404533e+014
3.79083882221978e+002 2.45190944897990e+014
3.79134658505909e+002 2.44951150630251e+014
3.79185424507428e+002 2.44663928202061e+014
3.79236180224685e+002 2.44340734010772e+014
3.79286925655832e+002 2.43988875794969e+014
3.79337660799017e+002 2.43610656620151e+014
3.79388385652393e+002 2.43203020819650e+014
3.79439100214111e+002 2.42757727993690e+014
3.79489804482320e+002 2.42262052576191e+014
3.79540498455173e+002 2.41699964876203e+014
3.79591182130819e+002 2.41053698827571e+014
3.79641855507409e+002 2.40305564642957e+014
3.79692518583095e+002 2.39439835469741e+014
3.79743171356026e+002 2.38444534212701e+014
3.79793813824355e+002 2.37312967361182e+014
3.79844445986231e+002 2.36044884832290e+014
3.79895067839805e+002 2.34647174979894e+014
3.79945679383229e+002 2.33134024821339e+014
3.79996280614653e+002 2.31526492778031e+014
3.80046871532227e+002 2.29851469332912e+014
3.80097452134103e+002 2.28140054129619e+014
3.80148022418431e+002 2.26425457714166e+014
3.80198582383363e+002 2.24740626335905e+014
3.80249132027048e+002 2.23115860909283e+014
3.80299671347638e+002 2.21576729304431e+014
3.80350200343284e+002 2.20142541140952e+014
3.80400719012136e+002 2.18825571147880e+014
3.80451227352345e+002 2.17631100780389e+014
3.80501725362062e+002 2.16558223845637e+014
3.80552213039437e+002 2.15601253769326e+014
3.80602690382622e+002 2.14751493272685e+014
3.80653157389768e+002 2.13999088386061e+014
3.80703614059024e+002 2.13334688139287e+014
3.80754060388542e+002 2.12750665870411e+014
3.80804496376473e+002 2.12241723742005e+014
3.80854922020967e+002 2.11804793200255e+014
3.80905337320176e+002 2.11438252408677e+014
3.80955742272250e+002 2.11140594235222e+014
3.81006136875339e+002 2.10908777947469e+014
3.81056521127595e+002 2.10736565257078e+014
3.81106895027168e+002 2.10613160628609e+014
3.81157258572210e+002 2.10522438685993e+014
3.81207611760870e+002 2.10442950974345e+014
3.81257954591301e+002 2.10348774274689e+014
3.81308287061651e+002 2.10211115539220e+014
3.81358609170074e+002 2.10000451487315e+014
3.81408920914718e+002 2.09688881580187e+014
3.81459222293735e+002 2.09252334640937e+014
3.81509513305276e+002 2.08672304408481e+014
3.81559793947492e+002 2.07936893321821e+014
3.81610064218532e+002 2.07041092402752e+014
3.81660324116549e+002 2.05986377337766e+014
3.81710573639693e+002 2.04779815265731e+014
3.81760812786114e+002 2.03432924976584e+014
3.81811041553964e+002 2.01960511361353e+014
3.81861259941394e+002 2.00379625957266e+014
3.81911467946553e+002 1.98708719469116e+014
3.81961665567593e+002 1.96966982517536e+014
3.82011852802665e+002 1.95173829642225e+014
3.82062029649919e+002 1.93348466536441e+014
3.82112196107506e+002 1.91509485307467e+014
3.82162352173578e+002 1.89674443490127e+014
3.82212497846284e+002 1.87859402920317e+014
3.82262633123776e+002 1.86078435795486e+014
3.82312758004204e+002 1.84343146890631e+014
3.82362872485719e+002 1.82662306126306e+014
3.82412976566473e+002 1.81041712797519e+014
3.82463070244615e+002 1.79484403258270e+014
3.82513153518296e+002 1.77991257151472e+014
3.82563226385668e+002 1.76561960716244e+014
3.82613288844882e+002 1.75196178055033e+014
3.82663340894087e+002 1.73894699406459e+014
3.82713382531434e+002 1.72660313731326e+014
3.82763413755076e+002 1.71498203077000e+014
3.82813434563161e+002 1.70415766435132e+014
3.82863444953842e+002 1.69421916458362e+014
3.82913444925269e+002 1.68526011826842e+014
3.82963434475592e+002 1.67736657622258e+014
3.83013413602963e+002 1.67060610440171e+014
3.83063382305532e+002 1.66501972156969e+014
3.83113340581450e+002 1.66061768818874e+014
3.83163288428868e+002 1.65737917748345e+014
3.83213225845937e+002 1.65525509761693e+014
3.83263152830807e+002 1.65417286393102e+014
3.83313069381629e+002 1.65404176515759e+014
3.83362975496554e+002 1.65475769342587e+014
3.83412871173733e+002 1.65620636695422e+014
3.83462756411317e+002 1.65826470095967e+014
3.83512631207456e+002 1.66080058565244e+014
3.83562495560301e+002 1.66367188911608e+014
3.83612349468003e+002 1.66672589035814e+014
3.83662192928713e+002 1.66980046339913e+014
3.83712025940582e+002 1.67272812776581e+014
3.83761848501760e+002 1.67534357145390e+014
3.83811660610398e+002 1.67749451487839e+014
3.83861462264646e+002 1.67905495664954e+014
3.83911253462657e+002 1.67993910965502e+014
3.83961034202580e+002 1.68011389317597e+014
3.84010804482567e+002 1.67960783836313e+014
3.84060564300767e+002 1.67851472040738e+014
3.84110313655333e+002 1.67699105177723e+014
3.84160052544414e+002 1.67524754976365e+014
3.84209780966161e+002 1.67353559048729e+014
3.84259498918726e+002 1.67213029450712e+014
3.84309206400259e+002 1.67131216699782e+014
3.84358903408911e+002 1.67134916024957e+014
3.84408589942832e+002 1.67248072648958e+014
3.84458266000174e+002 1.67490500209176e+014
3.84507931579087e+002 1.67876981285077e+014
3.84557586677722e+002 1.68416778264569e+014
3.84607231294230e+002 1.69113549800275e+014
3.84656865426762e+002 1.69965641832729e+014
3.84706489073468e+002 1.70966699383292e+014
3.84756102232499e+002 1.72106522788597e+014
3.84805704902006e+002 1.73372070517228e+014
3.84855297080139e+002 1.74748496523103e+014
3.84904878765051e+002 1.76220111403783e+014
3.84954449954890e+002 1.77771177524294e+014
3.85004010647809e+002 1.79386483063533e+014
3.85053560841958e+002 1.81051675654045e+014
3.85103100535487e+002 1.82753360860622e+014
3.85152629726548e+002 1.84478981404020e+014
3.85202148413292e+002 1.86216498020601e+014
3.85251656593868e+002 1.87953903416047e+014
3.85301154266428e+002 1.89678622354647e+014
3.85350641429123e+002 1.91376878395550e+014
3.85400118080104e+002 1.93033129177318e+014
3.85449584217520e+002 1.94629677659095e+014
3.85499039839524e+002 1.96146553049260e+014
3.85548484944266e+002 1.97561727061752e+014
3.85597919529896e+002 1.98851697338111e+014
3.85647343594565e+002 1.99992434854413e+014
3.85696757136425e+002 2.00960657849057e+014
3.85746160153626e+002 2.01735358477625e+014
3.85795552644319e+002 2.02299469498583e+014
3.85844934606654e+002 2.02641522660663e+014
3.85894306038783e+002 2.02757125512861e+014
3.85943666938856e+002 2.02650081016669e+014
3.85993017305023e+002 2.02332997248592e+014
3.86042357135437e+002 2.01827279288819e+014
3.86091686428247e+002 2.01162455428752e+014
3.86141005181605e+002 2.00374854629305e+014
3.86190313393660e+002 1.99505718962655e+014
3.86239611062565e+002 1.98598895559250e+014
3.86288898186469e+002 1.97698302620244e+014
3.86338174763524e+002 1.96845394956731e+014
3.86387440791880e+002 1.96076855688602e+014
3.86436696269688e+002 1.95422710737679e+014
3.86485941195099e+002 1.94905001331378e+014
3.86535175566264e+002 1.94537071682927e+014
3.86584399381333e+002 1.94323448639488e+014
3.86633612638457e+002 1.94260228159959e+014
3.86682815335788e+002 1.94335853945861e+014
3.86732007471475e+002 1.94532178762492e+014
3.86781189043670e+002 1.94825731670739e+014
3.86830360050524e+002 1.95189154781093e+014
3.86879520490186e+002 1.95592802278105e+014
3.86928670360809e+002 1.96006496969016e+014
3.86977809660542e+002 1.96401411846064e+014
3.87026938387537e+002 1.96751994144258e+014
3.87076056539945e+002 1.97037792947209e+014
3.87125164115915e+002 1.97245008680172e+014
3.87174261113600e+002 1.97367570701035e+014
3.87223347531149e+002 1.97407576814867e+014
3.87272423366714e+002 1.97374994683010e+014
3.87321488618446e+002 1.97286618821490e+014
3.87370543284494e+002 1.97164381090403e+014
3.87419587363010e+002 1.97033207087785e+014
3.87468620852145e+002 1.96918676609735e+014
3.87517643750050e+002 1.96844769122797e+014
3.87566656054875e+002 1.96831950333955e+014
3.87615657764771e+002 1.96895790536869e+014
3.87664648877888e+002 1.97046216621127e+014
3.87713629392379e+002 1.97287408741792e+014
3.87762599306393e+002 1.97618276323659e+014
3.87811558618081e+002 1.98033393640963e+014
3.87860507325594e+002 1.98524241034034e+014
3.87909445427083e+002 1.99080578354924e+014
3.87958372920699e+002 1.99691769347045e+014
3.88007289804592e+002 2.00347882322330e+014
3.88056196076914e+002 2.01040421571459e+014
3.88105091735814e+002 2.01762601892768e+014
3.88153976779444e+002 2.02509162033103e+014
3.88202851205955e+002 2.03275804481446e+014
3.88251715013497e+002 2.04058421588390e+014
3.88300568200222e+002 2.04852296701951e+014
3.88349410764279e+002 2.05651446211643e+014
3.88398242703820e+002 2.06448208847213e+014
3.88447064016996e+002 2.07233122594256e+014
3.88495874701957e+002 2.07995084475007e+014
3.88544674756854e+002 2.08721774060179e+014
3.88593464179838e+002 2.09400326145481e+014
3.88642242969060e+002 2.10018237215387e+014
3.88691011122670e+002 2.10564465154873e+014
3.88739768638820e+002 2.11030631413712e+014
3.88788515515659e+002 2.11412178613867e+014
3.88837251751340e+002 2.11709303179080e+014
3.88885977344012e+002 2.11927494202936e+014
3.88934692291827e+002 2.12077569484096e+014
3.88983396592935e+002 2.12175188940269e+014
3.89032090245487e+002 2.12239915750498e+014
3.89080773247634e+002 2.12293961395294e+014
3.89129445597526e+002 2.12360780242206e+014
3.89178107293315e+002 2.12463675716056e+014
3.89226758333151e+002 2.12624554151169e+014
3.89275398715185e+002 2.12862924297268e+014
3.89324028437568e+002 2.13195197140000e+014
3.89372647498451e+002 2.13634297583495e+014
3.89421255895984e+002 2.14189560687690e+014
3.89469853628318e+002 2.14866856243250e+014
3.89518440693604e+002 2.15668869931287e+014
3.89567017089993e+002 2.16595467020467e+014
3.89615582815635e+002 2.17644070649453e+014
3.89664137868682e+002 2.18809996271767e+014
3.89712682247284e+002 2.20086695705121e+014
3.89761215949592e+002 2.21465877131001e+014
3.89809738973756e+002 2.22937489595231e+014
3.89858251317928e+002 2.24489589899027e+014
3.89906752980258e+002 2.26108142243736e+014
3.89955243958898e+002 2.27776823734844e+014
3.90003724251997e+002 2.29476912426378e+014
3.90052193857707e+002 2.31187316625581e+014
3.90100652774178e+002 2.32884775098987e+014
3.90149100999562e+002 2.34544232483557e+014
3.90197538532009e+002 2.36139383688368e+014
3.90245965369669e+002 2.37643382243039e+014
3.90294381510695e+002 2.39029709020494e+014
3.90342786953235e+002 2.40273185270948e+014
3.90391181695442e+002 2.41351083880819e+014
3.90439565735466e+002 2.42244254576189e+014
3.90487939071458e+002 2.42938147454708e+014
3.90536301701568e+002 2.43423613483669e+014
3.90584653623948e+002 2.43697383035600e+014
3.90632994836747e+002 2.43762169506051e+014
3.90681325338118e+002 2.43626397799205e+014
3.90729645126211e+002 2.43303600111835e+014
3.90777954199176e+002 2.42811545039110e+014
3.90826252555164e+002 2.42171172844754e+014
3.90874540192327e+002 2.41405411377646e+014
3.90922817108814e+002 2.40537952141425e+014
3.90971083302778e+002 2.39592075194958e+014
3.91019338772367e+002 2.38589615347408e+014
3.91067583515734e+002 2.37550148323369e+014
3.91115817531030e+002 2.36490442232734e+014
3.91164040816403e+002 2.35424174470705e+014
3.91212253370007e+002 2.34361872367181e+014
3.91260455189991e+002 2.33311011634288e+014
3.91308646274507e+002 2.32276203419614e+014
3.91356826621704e+002 2.31259415669755e+014
3.91404996229734e+002 2.30260198202537e+014
3.91453155096748e+002 2.29275903434695e+014
3.91501303220897e+002 2.28301910626832e+014
3.91549440600330e+002 2.27331867935009e+014
3.91597567233200e+002 2.26357967591644e+014
3.91645683117656e+002 2.25371269312217e+014
3.91693788251850e+002 2.24362089196676e+014
3.91741882633933e+002 2.23320473567569e+014
3.91789966262054e+002 2.22236773651322e+014
3.91838039134365e+002 2.21102323791800e+014
3.91886101249018e+002 2.19910202301525e+014
3.91934152604162e+002 2.18656027724184e+014
3.91982193197948e+002 2.17338720331101e+014
3.92030223028527e+002 2.15961145439506e+014
3.92078242094050e+002 2.14530552907095e+014
3.92126250392668e+002 2.13058735442254e+014
3.92174247922531e+002 2.11561848216543e+014
3.92222234681791e+002 2.10059861060977e+014
3.92270210668598e+002 2.08575652273968e+014
3.92318175881103e+002 2.07133793292711e+014
3.92366130317456e+002 2.05759112261034e+014
3.92414073975809e+002 2.04475155139305e+014
3.92462006854312e+002 2.03302679344240e+014
3.92509928951116e+002 2.02258314266458e+014
3.92557840264372e+002 2.01353503144164e+014
3.92605740792231e+002 2.00593806151926e+014
3.92653630532843e+002 1.99978599926068e+014
3.92701509484359e+002 1.99501162918623e+014
3.92749377644930e+002 1.99149098006137e+014
3.92797235012707e+002 1.98905019793586e+014
3.92845081585841e+002 1.98747426635345e+014
3.92892917362482e+002 1.98651683129307e+014
3.92940742340781e+002 1.98591053705052e+014
3.92988556518889e+002 1.98537746310487e+014
3.93036359894957e+002 1.98463941518221e+014
3.93084152467136e+002 1.98342792678731e+014
3.93131934233575e+002 1.98149386525485e+014
3.93179705192427e+002 1.97861652548964e+014
3.93227465341842e+002 1.97461206734669e+014
3.93275214679971e+002 1.96934110863597e+014
3.93322953204964e+002 1.96271523450556e+014
3.93370680914972e+002 1.95470212440683e+014
3.93418397808147e+002 1.94532894542325e+014
3.93466103882638e+002 1.93468363301820e+014
3.93513799136597e+002 1.92291370016053e+014
3.93561483568175e+002 1.91022231819583e+014
3.93609157175521e+002 1.89686154323071e+014
3.93656819956788e+002 1.88312277275592e+014
3.93704471910126e+002 1.86932473899654e+014
3.93752113033685e+002 1.85579962036025e+014
3.93799743325617e+002 1.84287808456011e+014
3.93847362784072e+002 1.83087424037268e+014
3.93894971407201e+002 1.82007151319508e+014
3.93942569193154e+002 1.81071043945359e+014
3.93990156140084e+002 1.80297925500461e+014
3.94037732246139e+002 1.79700795716316e+014
3.94085297509472e+002 1.79286624544111e+014
3.94132851928233e+002 1.79056539338697e+014
3.94180395500572e+002 1.79006366639406e+014
3.94227928224642e+002 1.79127448740886e+014
3.94275450098591e+002 1.79407626494856e+014
3.94322961120572e+002 1.79832274798504e+014
3.94370461288734e+002 1.80385292017393e+014
3.94417950601229e+002 1.81049974786446e+014
3.94465429056208e+002 1.81809741721406e+014
3.94512896651821e+002 1.82648693869369e+014
3.94560353386219e+002 1.83552008786521e+014
3.94607799257553e+002 1.84506165695462e+014
3.94655234263974e+002 1.85499001462002e+014
3.94702658403632e+002 1.86519608022890e+014
3.94750071674678e+002 1.87558104154179e+014
3.94797474075264e+002 1.88605342005945e+014
3.94844865603539e+002 1.89652631276212e+014
3.94892246257655e+002 1.90691562824664e+014
3.94939616035762e+002 1.91713987134507e+014
3.94986974936012e+002 1.92712156047105e+014
3.95034322956555e+002 1.93678989557192e+014
3.95081660095541e+002 1.94608395580380e+014
3.95128986351122e+002 1.95495569090128e+014
3.95176301721448e+002 1.96337223906773e+014
3.95223606204671e+002 1.97131754786943e+014
3.95270899798940e+002 1.97879361581402e+014
3.95318182502407e+002 1.98582180146154e+014
3.95365454313223e+002 1.99244446553531e+014
3.95412715229538e+002 1.99872681460474e+014
3.95459965249503e+002 2.00475835478353e+014
3.95507204371270e+002 2.01065309002613e+014
3.95554432592987e+002 2.01654762839238e+014
3.95601649912808e+002 2.02259670522990e+014
3.95648856328881e+002 2.02896618810737e+014
3.95696051839359e+002 2.03582420565400e+014
3.95743236442392e+002 2.04333144910812e+014
3.95790410136130e+002 2.05163178375134e+014
3.95837572918725e+002 2.06084410887936e+014
3.95884724788327e+002 2.07105602893851e+014
3.95931865743087e+002 2.08231952890715e+014
3.95978995781156e+002 2.09464854930034e+014
3.96026114900684e+002 2.10801823705657e+014
3.96073223099823e+002 2.12236565131754e+014
3.96120320376724e+002 2.13759173711733e+014
3.96167406729536e+002 2.15356435130277e+014
3.96214482156411e+002 2.17012210261722e+014
3.96261546655499e+002 2.18707868674249e+014
3.96308600224952e+002 2.20422731081969e+014
3.96355642862920e+002 2.22134481399896e+014
3.96402674567554e+002 2.23819528799634e+014
3.96449695337005e+002 2.25453324246602e+014
3.96496705169424e+002 2.27010669765393e+014
3.96543704062960e+002 2.28466087759608e+014
3.96590692015766e+002 2.29794323757171e+014
3.96637669025992e+002 2.30971032047491e+014
3.96684635091788e+002 2.31973656580727e+014
3.96731590211306e+002 2.32782467258164e+014
3.96778534382697e+002 2.33381664443358e+014
3.96825467604110e+002 2.33760438773476e+014
3.96872389873697e+002 2.33913870811912e+014
3.96919301189609e+002 2.33843567230921e+014
3.96966201549996e+002 2.33557965663088e+014
3.97013090953010e+002 2.33072279341263e+014
3.97059969396801e+002 2.32408090419652e+014
3.97106836879519e+002 2.31592635439352e+014
3.97153693399316e+002 2.30657852141048e+014
3.97200538954343e+002 2.29639267080067e+014
3.97247373542750e+002 2.28574812823816e+014
3.97294197162687e+002 2.27503657995217e+014
3.97341009812307e+002 2.26465121528088e+014
3.97387811489759e+002 2.25497724674813e+014
3.97434602193195e+002 2.24638410831843e+014
3.97481381920764e+002 2.23921931929641e+014
3.97528150670619e+002 2.23380379754041e+014
3.97574908440910e+002 2.23042820674530e+014
3.97621655229786e+002 2.22934984325312e+014
3.97668391035401e+002 2.23078965264120e+014
3.97715115855903e+002 2.23492912745540e+014
3.97761829689445e+002 2.24190703554072e+014
3.97808532534176e+002 2.25181620577496e+014
3.97855224388247e+002 2.26470069799130e+014
3.97901905249810e+002 2.28055374305485e+014
3.97948575117015e+002 2.29931684629296e+014
3.97995233988013e+002 2.32088030673570e+014
3.98041881860954e+002 2.34508531143164e+014
3.98088518733990e+002 2.37172772658672e+014
3.98135144605271e+002 2.40056350784426e+014
3.98181759472949e+002 2.43131562300668e+014
3.98228363335173e+002 2.46368233547474e+014
3.98274956190095e+002 2.49734649963000e+014
3.98321538035865e+002 2.53198551071206e+014
3.98368108870634e+002 2.56728145598418e+014
3.98414668692553e+002 2.60293076015673e+014
3.98461217499774e+002 2.63865268745786e+014
3.98507755290445e+002 2.67419608417829e+014
3.98554282062719e+002 2.70934384259262e+014
3.98600797814747e+002 2.74391505144086e+014
3.98647302544678e+002 2.77776505821824e+014
3.98693796250664e+002 2.81078384481064e+014
3.98740278930855e+002 2.84289335061261e+014
3.98786750583403e+002 2.87404416574659e+014
3.98833211206458e+002 2.90421181916461e+014
3.98879660798171e+002 2.93339283826811e+014
3.98926099356693e+002 2.96160050433215e+014
3.98972526880174e+002 2.98886027866014e+014
3.99018943366765e+002 3.01520506242331e+014
3.99065348814618e+002 3.04067044175833e+014
3.99111743221882e+002 3.06529026609198e+014
3.99158126586709e+002 3.08909293325285e+014
3.99204498907250e+002 3.11209854214756e+014
3.99250860181655e+002 3.13431706828645e+014
3.99297210408075e+002 3.15574758086986e+014
3.99343549584660e+002 3.17637845906041e+014
3.99389877709562e+002 3.19618874985617e+014
3.99436194780932e+002 3.21515075018568e+014
3.99482500796920e+002 3.23323381766437e+014
3.99528795755677e+002 3.25040929540643e+014
3.99575079655354e+002 3.26665604570236e+014
3.99621352494101e+002 3.28196596965478e+014
3.99667614270070e+002 3.29634883200779e+014
3.99713864981411e+002 3.30983573712728e+014
3.99760104626274e+002 3.32248087754473e+014
3.99806333202812e+002 3.33436130891068e+014
3.99852550709174e+002 3.34557462388226e+014
3.99898757143511e+002 3.35623455540380e+014
3.99944952503975e+002 3.36646454289725e+014
3.99991136788715e+002 3.37638949571475e+014
4.00037309995884e+002 3.38612625073279e+014
4.00083472123630e+002 3.39577350400024e+014
4.00129623170106e+002 3.40540240317561e+014
4.00175763133462e+002 3.41504912912176e+014
4.00221892011849e+002 3.42471069645864e+014
4.00268009803418e+002 3.43434481696129e+014
4.00314116506319e+002 3.44387392087850e+014
4.00360212118703e+002 3.45319275620888e+014
4.00406296638722e+002 3.46217844005857e+014
4.00452370064525e+002 3.47070161183319e+014
4.00498432394264e+002 3.47863752702215e+014
4.00544483626089e+002 3.48587618850406e+014
4.00590523758151e+002 3.49233094627272e+014
4.00636552788602e+002 3.49794518638471e+014
4.00682570715591e+002 3.50269672762879e+014
4.00728577537270e+002 3.50659962081145e+014
4.00774573251789e+002 3.50970306165199e+014
4.00820557857300e+002 3.51208740165019e+014
4.00866531351952e+002 3.51385757180096e+014
4.00912493733897e+002 3.51513462742044e+014
4.00958445001286e+002 3.51604645761046e+014
4.01004385152269e+002 3.51671880556558e+014
4.01050314184997e+002 3.51726764095782e+014
4.01096232097621e+002 3.51779356342869e+014
4.01142138888291e+002 3.51837844310605e+014
4.01188034555160e+002 3.51908406466653e+014
4.01233919096376e+002 3.51995226363428e+014
4.01279792510092e+002 3.52100600727797e+014
4.01325654794457e+002 3.52225101750505e+014
4.01371505947623e+002 3.52367776727438e+014
4.01417345967741e+002 3.52526384821461e+014
4.01463174852961e+002 3.52697677855889e+014
4.01508992601434e+002 3.52877721406704e+014
4.01554799211310e+002 3.53062242150969e+014
4.01600594680742e+002 3.53246971134241e+014
4.01646379007878e+002 3.53427952875245e+014
4.01692152190871e+002 3.53601794057215e+014
4.01737914227871e+002 3.53765841662289e+014
4.01783665117029e+002 3.53918292981860e+014
4.01829404856496e+002 3.54058248064823e+014
4.01875133444421e+002 3.54185713095558e+014
4.01920850878957e+002 3.54301555205592e+014
4.01966557158254e+002 3.54407403612351e+014
4.02012252280463e+002 3.54505495195036e+014
4.02057936243734e+002 3.54598477329293e+014
4.02103609046218e+002 3.54689200113840e+014
4.02149270686067e+002 3.54780543347137e+014
4.02194921161430e+002 3.54875320208927e+014
4.02240560470460e+002 3.54976278426429e+014
4.02286188611305e+002 3.55086186072019e+014
4.02331805582118e+002 3.55207958329778e+014
4.02377411381049e+002 3.55344761746348e+014
4.02423006006249e+002 3.55500033639470e+014
4.02468589455869e+002 3.55677369765612e+014
4.02514161728059e+002 3.55880261810858e+014
4.02559722820971e+002 3.56111694209894e+014
4.02605272732754e+002 3.56373637709477e+014
4.02650811461560e+002 3.56666494302105e+014
4.02696339005540e+002 3.56988559850938e+014
4.02741855362844e+002 3.57335570389096e+014
4.02787360531624e+002 3.57700391705101e+014
4.02832854510029e+002 3.58072899544117e+014
4.02878337296212e+002 3.58440081723358e+014
4.02923808888321e+002 3.58786379936218e+014
4.02969269284510e+002 3.59094270178013e+014
4.03014718482927e+002 3.59345067978022e+014
4.03060156481724e+002 3.59519921548747e+014
4.03105583279052e+002 3.59600941251260e+014
4.03150998873062e+002 3.59572388995686e+014
4.03196403261904e+002 3.59421839808882e+014
4.03241796443729e+002 3.59141213255381e+014
4.03287178416688e+002 3.58727578044363e+014
4.03332549178932e+002 3.58183643437716e+014
4.03377908728611e+002 3.57517884503528e+014
4.03423257063877e+002 3.56744282677108e+014
4.03468594182879e+002 3.55881710764585e+014
4.03513920083770e+002 3.54953021879489e+014
4.03559234764699e+002 3.53983932858718e+014
4.03604538223817e+002 3.53001794153902e+014
4.03649830459276e+002 3.52034342719982e+014
4.03695111469226e+002 3.51108511754402e+014
4.03740381251818e+002 3.50249359129406e+014
4.03785639805202e+002 3.49479142777427e+014
4.03830887127530e+002 3.48816553575172e+014
4.03876123216952e+002 3.48276088480446e+014
4.03921348071619e+002 3.47867544769876e+014
4.03966561689682e+002 3.47595616381984e+014
4.04011764069291e+002 3.47459599216467e+014
4.04056955208598e+002 3.47453231425738e+014
4.04102135105753e+002 3.47564720793485e+014
4.04147303758906e+002 3.47777012151939e+014
4.04192461166210e+002 3.48068342401969e+014
4.04237607325814e+002 3.48413098450896e+014
4.04282742235869e+002 3.48782960033713e+014
4.04327865894527e+002 3.49148265730912e+014
4.04372978299938e+002 3.49479511685537e+014
4.04418079450252e+002 3.49748874844842e+014
4.04463169343620e+002 3.49931658392667e+014
4.04508247978194e+002 3.50007574564455e+014
4.04553315352124e+002 3.49961802489904e+014
4.04598371463561e+002 3.49785771954994e+014
4.04643416310656e+002 3.49477624438736e+014
4.04688449891559e+002 3.49042300086927e+014
4.04733472204421e+002 3.48491202298517e+014
4.04778483247394e+002 3.47841421526693e+014
4.04823483018627e+002 3.47114546037538e+014
4.04868471516272e+002 3.46335153272272e+014
4.04913448738479e+002 3.45529124461142e+014
4.04958414683399e+002 3.44721960634464e+014
4.05003369349184e+002 3.43937268500047e+014
4.05048312733983e+002 3.43195557734232e+014
4.05093244835948e+002 3.42513427970578e+014
4.05138165653229e+002 3.41903167857268e+014
4.05183075183977e+002 3.41372722820028e+014
4.05227973426344e+002 3.40925956262294e+014
4.05272860378479e+002 3.40563107348761e+014
4.05317736038533e+002 3.40281365554634e+014
4.05362600404658e+002 3.40075500330748e+014
4.05407453475004e+002 3.39938514877995e+014
4.05452295247722e+002 3.39862302216640e+014
4.05497125720963e+002 3.39838284798063e+014
4.05541944892877e+002 3.39858007805996e+014
4.05586752761615e+002 3.39913647887357e+014
4.05631549325329e+002 3.39998397879450e+014
4.05676334582168e+002 3.40106692109748e+014
4.05721108530284e+002 3.40234251760081e+014
4.05765871167828e+002 3.40377944093569e+014
4.05810622492949e+002 3.40535474261074e+014
4.05855362503800e+002 3.40704952418285e+014
4.05900091198531e+002 3.40884405850937e+014
4.05944808575292e+002 3.41071318714817e+014
4.05989514632235e+002 3.41262278394671e+014
4.06034209367510e+002 3.41452782133328e+014
4.06078892779267e+002 3.41637222565289e+014
4.06123564865659e+002 3.41809039497813e+014
4.06168225624835e+002 3.41961008274100e+014
4.06212875054947e+002 3.42085636952009e+014
4.06257513154145e+002 3.42175651755403e+014
4.06302139920579e+002 3.42224557407276e+014
4.06346755352402e+002 3.42227250279326e+014
4.06391359447763e+002 3.42180644756739e+014
4.06435952204813e+002 3.42084247586188e+014
4.06480533621704e+002 3.41940595176645e+014
4.06525103696585e+002 3.41755462978473e+014
4.06569662427608e+002 3.41537769987105e+014
4.06614209812924e+002 3.41299142070393e+014
4.06658745850683e+002 3.41053155460142e+014
4.06703270539036e+002 3.40814350723161e+014
4.06747783876133e+002 3.40597161124854e+014
4.06792285860127e+002 3.40414921107214e+014
4.06836776489167e+002 3.40279097662999e+014
4.06881255761404e+002 3.40198823094837e+014
4.06925723674989e+002 3.40180729440719e+014
4.06970180228073e+002 3.40229015081046e+014
4.07014625418807e+002 3.40345641846704e+014
4.07059059245341e+002 3.40530567291589e+014
4.07103481705826e+002 3.40781951427826e+014
4.07147892798414e+002 3.41096320609902e+014
4.07192292521254e+002 3.41468701367754e+014
4.07236680872497e+002 3.41892748659928e+014
4.07281057850295e+002 3.42360888403014e+014
4.07325423452798e+002 3.42864478932024e+014
4.07369777678158e+002 3.43393988307321e+014
4.07414120524523e+002 3.43939177285114e+014
4.07458451990047e+002 3.44489286481508e+014
4.07502772072879e+002 3.45033235566806e+014
4.07547080771169e+002 3.45559854076069e+014
4.07591378083070e+002 3.46058171143032e+014
4.07635664006732e+002 3.46517780624055e+014
4.07679938540305e+002 3.46929281844162e+014
4.07724201681940e+002 3.47284760575682e+014
4.07768453429788e+002 3.47578247598766e+014
4.07812693782001e+002 3.47806074311924e+014
4.07856922736727e+002 3.47967049035130e+014
4.07901140292120e+002 3.48062407499669e+014
4.07945346446328e+002 3.48095529016941e+014
4.07989541197504e+002 3.48071453904684e+014
4.08033724543797e+002 3.47996268986176e+014
4.08077896483360e+002 3.47876445708280e+014
4.08122057014341e+002 3.47718220595463e+014
4.08166206134893e+002 3.47527098970248e+014
4.08210343843165e+002 3.47307545554823e+014
4.08254470137310e+002 3.47062899197163e+014
4.08298585015477e+002 3.46795514080665e+014
4.08342688475817e+002 3.46507097014139e+014
4.08386780516482e+002 3.46199181028266e+014
4.08430861135621e+002 3.45873659439820e+014
4.08474930331387e+002 3.45533303231445e+014
4.08518988101929e+002 3.45182190625496e+014
4.08563034445398e+002 3.44825994873353e+014
4.08607069359945e+002 3.44472093015015e+014
4.08651092843721e+002 3.44129479447540e+014
4.08695104894877e+002 3.43808493357641e+014
4.08739105511563e+002 3.43520391018755e+014
4.08783094691931e+002 3.43276816815998e+014
4.08827072434131e+002 3.43089237555437e+014
