297.491864652239 	0.834453038063668 
297.555376277378 	0.789657028764445 
297.618880245981 	0.758113176676525 
297.682376556197 	0.741747259067999 
297.745865206179 	0.741820071706126 
297.809346194076 	0.759180763111100 
297.872819518039 	0.794349122328657 
297.936285176219 	0.847363527110396 
297.999743166768 	0.917383930436947 
298.063193487835 	1.002087209911090 
298.126636137571 	1.096960891946120 
298.190071114128 	1.194710273569870 
298.253498415656 	1.285159405543900 
298.316918040306 	1.356194878259620 
298.380329986229 	1.396196331514650 
298.443734251575 	1.397600353440140 
298.507130834496 	1.359945273913440 
298.570519733141 	1.290336309574580 
298.633900945662 	1.200845948324170 
298.697274470210 	1.104564307222780 
298.760640304936 	1.012510119812880 
298.823998447989 	0.932342597364055 
298.887348897522 	0.868496643543753 
298.950691651684 	0.822944697926828 
299.014026708628 	0.795979104077664 
299.077354066502 	0.786702159039608 
299.140673723459 	0.793111989757179 
299.203985677648 	0.811828032289255 
299.267289927222 	0.837730298413281 
299.330586470330 	0.864120989796969 
299.393875305123 	0.884134514128955 
299.457156429753 	0.893368132665786 
299.520429842369 	0.892193153561247 
299.583695541123 	0.885798373570184 
299.646953524166 	0.881903197546030 
299.710203789648 	0.888001282929260 
299.773446335720 	0.909613663223275 
299.836681160533 	0.949457688099989 
299.899908262238 	1.006654039235120 
299.963127638985 	1.075475282721770 
300.026339288925 	1.144342672837800 
300.089543210210 	1.197237808653260 
300.152739400989 	1.219446043625510 
300.215927859414 	1.205379359872580 
300.279108583636 	1.161847297392390 
300.342281571804 	1.103511942780290 
300.405446822071 	1.045196714292800 
300.468604332587 	0.996999362127401 
300.531754101502 	0.963322956975125 
300.594896126967 	0.943833452278779 
300.658030407134 	0.934719081901650 
300.721156940153 	0.929983596940180 
300.784275724174 	0.923186299191578 
300.847386757349 	0.909635231419713 
300.910490037829 	0.888052632737358 
300.973585563763 	0.860557782661017 
301.036673333304 	0.831070511458249 
301.099753344601 	0.803451304628882 
301.162825595805 	0.780481247665361 
301.225890085069 	0.763807810349966 
301.288946810541 	0.754405068296921 
301.351995770373 	0.753095946413836 
301.415036962715 	0.760897869809685 
301.478070385720 	0.779135390599592 
301.541096037536 	0.809346641660052 
301.604113916316 	0.852992790863077 
301.667124020209 	0.910887302193129 
301.730126347367 	0.982162167378666 
301.793120895941 	1.062641581086950 
301.856107664080 	1.143029118063260 
301.919086649937 	1.208592639629160 
301.982057851662 	1.243022435451450 
302.045021267405 	1.236654714612350 
302.107976895317 	1.193013159416340 
302.170924733550 	1.126660111777860 
302.233864780254 	1.054432120385600 
302.296797033579 	0.988249696193445 
302.359721491677 	0.933248972537110 
302.422638152699 	0.889400884708679 
302.485547014794 	0.854063434829051 
302.548448076115 	0.824270784627386 
302.611341334811 	0.798282527500743 
302.674226789034 	0.776051842411377 
302.737104436934 	0.758625923042120 
302.799974276662 	0.747031460318353 
302.862836306369 	0.741337762407088 
302.925690524206 	0.740283275598941 
302.988536928323 	0.741540736022172 
303.051375516872 	0.742535066844636 
303.114206288002 	0.741526766610329 
303.177029239866 	0.738431679417523 
303.239844370613 	0.734904947170484 
303.302651678394 	0.733694456003148 
303.365451161361 	0.737712639362054 
303.428242817664 	0.749256155692424 
303.491026645453 	0.769481003556484 
303.553802642880 	0.798025429394685 
303.616570808096 	0.832736004074845 
303.679331139251 	0.869696137933559 
303.742083634495 	0.903910784629238 
303.804828291981 	0.930715850578518 
303.867565109858 	0.947261506436549 
303.930294086278 	0.953049550313796 
303.993015219390 	0.949213289337740 
304.055728507347 	0.937345454508385 
304.118433948298 	0.918918281692001 
304.181131540395 	0.895578570900577 
304.243821281788 	0.869745306817826 
304.306503170628 	0.844741253421429 
304.369177205066 	0.824200372200011 
304.431843383253 	0.811105566487206 
304.494501703339 	0.806930202752001 
304.557152163475 	0.811076317680734 
304.619794761813 	0.820632560227929 
304.682429496502 	0.830640283954729 
304.745056365694 	0.835258318956171 
304.807675367540 	0.829870764238754 
304.870286500190 	0.813179648047258 
304.932889761794 	0.787788872700021 
304.995485150505 	0.758845736932805 
305.058072664472 	0.731905096893452 
305.120652301847 	0.711413137142321 
305.183224060779 	0.700229117496279 
305.245787939421 	0.699816613401225 
305.308343935923 	0.710636489238467 
305.370892048435 	0.732484274291163 
305.433432275108 	0.764669694595427 
305.495964614094 	0.805950280597263 
305.558489063542 	0.854094341957780 
305.621005621604 	0.905042712616430 
305.683514286431 	0.952058997757093 
305.746015056173 	0.985968868629381 
305.808507928981 	0.997791914119227 
305.870992903006 	0.983338119084691 
305.933469976399 	0.946341289808009 
305.995939147310 	0.896874544879286 
306.058400413891 	0.846420270928200 
306.120853774291 	0.803782051822519 
306.183299226663 	0.773818658197545 
306.245736769156 	0.758072048329303 
306.308166399921 	0.755798448332081 
306.370588117110 	0.764668995340041 
306.433001918873 	0.781088601400116 
306.495407803360 	0.800396128304825 
306.557805768723 	0.817305071344079 
306.620195813113 	0.826861243469016 
306.682577934680 	0.825826330790823 
306.744952131574 	0.813836312281793 
306.807318401948 	0.793499271324292 
306.869676743951 	0.769245548002284 
306.932027155734 	0.745661935174372 
306.994369635449 	0.726236892832298 
307.056704181245 	0.712887120041700 
307.119030791274 	0.706078022470285 
307.181349463687 	0.705197772300263 
307.243660196634 	0.708952150137970 
307.305962988266 	0.715684036014104 
307.368257836734 	0.723610246350101 
307.430544740189 	0.731020984103655 
307.492823696781 	0.736500416593196 
307.555094704661 	0.739178705734716 
307.617357761981 	0.738937688955965 
307.679612866890 	0.736447834000459 
307.741860017540 	0.732972716662501 
307.804099212082 	0.729989897782312 
307.866330448665 	0.728740711306870 
307.928553725442 	0.729806437715472 
307.990769040562 	0.732781280476205 
308.052976392177 	0.736144039549068 
308.115175778438 	0.737502379044044 
308.177367197495 	0.734355823817788 
308.239550647498 	0.725230138618065 
308.301726126600 	0.710589935738832 
308.363893632950 	0.692866874352647 
308.426053164699 	0.675547766243261 
308.488204719998 	0.661959683342631 
308.550348296999 	0.654427813061742 
308.612483893851 	0.654014451666010 
308.674611508706 	0.660681632586855 
308.736731139714 	0.673659718039053 
308.798842785026 	0.691862677652442 
308.860946442793 	0.714202648741899 
308.923042111165 	0.739645261291893 
308.985129788294 	0.766926020111591 
309.047209472331 	0.794056392603210 
309.109281161425 	0.818002530610636 
309.171344853728 	0.835045591585949 
309.233400547391 	0.842067215263625 
309.295448240565 	0.838227941216834 
309.357487931399 	0.825823550437718 
309.419519618046 	0.809543412051590 
309.481543298655 	0.794695262266179 
309.543558971378 	0.785634281461239 
309.605566634366 	0.785061027547864 
309.667566285768 	0.794010269729609 
309.729557923737 	0.812025275754243 
309.791541546422 	0.837121393831288 
309.853517151975 	0.865432077690293 
309.915484738546 	0.890870681265039 
309.977444304287 	0.905669034102454 
310.039395847347 	0.902663006172299 
310.101339365878 	0.878774073743623 
310.163274858031 	0.837074995860235 
310.225202321955 	0.785283504788998 
310.287121755803 	0.731935752776787 
310.349033157725 	0.683333085467812 
310.410936525872 	0.642677572446356 
310.472831858394 	0.610720503377510 
310.534719153442 	0.586821978445353 
310.596598409168 	0.569824470507946 
310.658469623721 	0.558585652220041 
310.720332795253 	0.552193651175160 
310.782187921914 	0.549944057162620 
310.844035001855 	0.551191304634393 
310.905874033228 	0.555201530356280 
310.967705014182 	0.561110393041493 
311.029527942869 	0.568026824120712 
311.091342817439 	0.575239806400317 
311.153149636044 	0.582417584681008 
311.214948396833 	0.589686341098494 
311.276739097959 	0.597549986330509 
311.338521737570 	0.606705181928002 
311.400296313820 	0.617840474248687 
311.462062824857 	0.631473585367995 
311.523821268833 	0.647827024507698 
311.585571643899 	0.666718930985302 
311.647313948206 	0.687463353225755 
311.709048179903 	0.708810354891002 
311.770774337143 	0.728982467365696 
311.832492418076 	0.745860150640295 
311.894202420852 	0.757331130428695 
311.955904343623 	0.761756892114388 
312.017598184540 	0.758439930797108 
312.079283941752 	0.747921177643328 
312.140961613411 	0.731945766919343 
312.202631197668 	0.713052144846735 
312.264292692673 	0.693923231843768 
312.325946096577 	0.676753396773242 
312.387591407532 	0.662844522933659 
312.449228623687 	0.652510881764705 
312.510857743194 	0.645261718985432 
312.572478764203 	0.640175896183251 
312.634091684865 	0.636344549067871 
312.695696503332 	0.633224184751131 
312.757293217753 	0.630766080722343 
312.818881826279 	0.629297517913105 
312.880462327062 	0.629256607778527 
312.942034718253 	0.630925841869955 
313.003598998001 	0.634257881667837 
313.065155164458 	0.638810132360814 
313.126703215774 	0.643763104103286 
313.188243150101 	0.647999759336472 
313.249774965588 	0.650244023542915 
313.311298660388 	0.649266228362974 
313.372814232650 	0.644142705023643 
313.434321680526 	0.634511907726303 
313.495821002166 	0.620735030212572 
313.557312195721 	0.603885561853131 
313.618795259342 	0.585563833982126 
313.680270191180 	0.567613456009274 
313.741736989385 	0.551850905783548 
313.803195652108 	0.539892063176082 
313.864646177501 	0.533098952445788 
313.926088563713 	0.532613735154058 
313.987522808895 	0.539412483079333 
314.048948911199 	0.554294987630691 
314.110366868776 	0.577719160637373 
314.171776679775 	0.609392757125760 
314.233178342348 	0.647593059382071 
314.294571854645 	0.688393352020554 
314.355957214818 	0.725393471820591 
314.417334421017 	0.750874556493051 
314.478703471393 	0.758662466501943 
314.540064364097 	0.747143711902210 
314.601417097279 	0.719927781371533 
314.662761669091 	0.683627632093004 
314.724098077682 	0.644833601792721 
314.785426321205 	0.608309788390745 
314.846746397809 	0.576700354438946 
314.908058305646 	0.551022531284568 
314.969362042866 	0.531299547742795 
315.030657607620 	0.517068523980224 
315.091944998058 	0.507734744794433 
315.153224212333 	0.502809902774474 
315.214495248594 	0.502060575202049 
315.275758104992 	0.505572744183309 
315.337012779678 	0.513733757289967 
315.398259270803 	0.527138748341603 
315.459497576518 	0.546427607035400 
315.520727694972 	0.572045008354250 
315.581949624319 	0.603903380254360 
315.643163362707 	0.640947551228962 
315.704368908288 	0.680707505262198 
315.765566259212 	0.719090971487717 
315.826755413631 	0.750807472555476 
315.887936369695 	0.770668783556991 
315.949109125554 	0.775402783053125 
316.010273679361 	0.764958589595378 
316.071430029265 	0.742414896388734 
316.132578173417 	0.712614009216523 
316.193718109969 	0.680474681235636 
316.254849837070 	0.649830922933476 
316.315973352872 	0.623016918247691 
316.377088655526 	0.600975778061324 
316.438195743182 	0.583593818565626 
316.499294613990 	0.570066701409024 
316.560385266103 	0.559214707410091 
316.621467697670 	0.549729713203709 
316.682541906843 	0.540370391840069 
316.743607891772 	0.530137541398137 
316.804665650608 	0.518447255598268 
316.865715181502 	0.505270337506576 
316.926756482604 	0.491160694832413 
316.987789552066 	0.477115133198999 
317.048814388038 	0.464296318819824 
317.109830988671 	0.453731664550759 
317.170839352115 	0.446102727415814 
317.231839476523 	0.441678942688583 
317.292831360043 	0.440389749713356 
317.353815000828 	0.441999525704479 
317.414790397028 	0.446333191149210 
317.475757546793 	0.453479840199514 
317.536716448275 	0.463891949744706 
317.597667099624 	0.478323841833150 
317.658609498991 	0.497606542837238 
317.719543644527 	0.522296455998108 
317.780469534383 	0.552246267644108 
317.841387166710 	0.586168489124480 
317.902296539657 	0.621346004010092 
317.963197651377 	0.653758432008989 
318.024090500019 	0.678865314312913 
318.084975083735 	0.692932950562372 
318.145851400676 	0.694271936859516 
318.206719448992 	0.683640038171551 
318.267579226834 	0.663634394529906 
318.328430732352 	0.637587290056225 
318.389273963698 	0.608621875092669 
318.450108919023 	0.579180414735242 
318.510935596477 	0.550978542993839 
318.571753994210 	0.525197414000479 
318.632564110375 	0.502739798062950 
318.693365943121 	0.484434424147277 
318.754159490599 	0.471129944814821 
318.814944750961 	0.463669847227750 
318.875721722356 	0.462772147080884 
318.936490402936 	0.468839454669967 
318.997250790852 	0.481706976569614 
319.058002884254 	0.500341290485266 
319.118746681293 	0.522578468149397 
319.179482180120 	0.545126327522141 
319.240209378886 	0.564107654935625 
319.300928275741 	0.576158016649301 
319.361638868836 	0.579556689238849 
319.422341156323 	0.574643062510941 
319.483035136351 	0.563293518529626 
319.543720807072 	0.547964916067833 
319.604398166636 	0.530940740104277 
319.665067213195 	0.514005850999183 
319.725727944898 	0.498409137330824 
319.786380359898 	0.484907593978968 
319.847024456344 	0.473794435029416 
319.907660232387 	0.464922624516531 
319.968287686179 	0.457775528084025 
320.028906815869 	0.451618953442031 
320.089517619609 	0.445721958083454 
320.150120095550 	0.439583735532620 
320.210714241842 	0.433082519962341 
320.271300056637 	0.426493700380499 
320.331877538084 	0.420391700050344 
320.392446684335 	0.415502032631549 
320.453007493540 	0.412571480868187 
320.513559963851 	0.412288111914883 
320.574104093418 	0.415243995775616 
320.634639880392 	0.421913624798819 
320.695167322923 	0.432620420245770 
320.755686419163 	0.447473707796299 
320.816197167262 	0.466272769512690 
320.876699565371 	0.488391735208125 
320.937193611641 	0.512679487383728 
320.997679304223 	0.537428163669232 
321.058156641267 	0.560469471406817 
321.118625620925 	0.579433546146648 
321.179086241346 	0.592145837002444 
321.239538500682 	0.597064123079184 
321.299982397084 	0.593611328857662 
321.360417928702 	0.582277745625875 
321.420845093687 	0.564454408298199 
321.481263890191 	0.542076208572584 
321.541674316363 	0.517226840865932 
321.602076370354 	0.491840939125572 
321.662470050316 	0.467554280979320 
321.722855354399 	0.445669190808542 
321.783232280754 	0.427169266444495 
321.843600827532 	0.412734010370184 
321.903960992883 	0.402737194385578 
321.964312774959 	0.397236005647324 
322.024656171909 	0.395967696313125 
322.084991181886 	0.398376102502115 
322.145317803039 	0.403693998020134 
322.205636033520 	0.411095078793630 
322.265945871479 	0.419888318869830 
322.326247315067 	0.429675245742661 
322.386540362434 	0.440378031933651 
322.446825011733 	0.452102755214346 
322.507101261113 	0.464888451122560 
322.567369108725 	0.478442219325518 
322.627628552720 	0.491957943485990 
322.687879591249 	0.504096067237781 
322.748122222462 	0.513184232634234 
322.808356444511 	0.517652019238563 
322.868582255546 	0.516595437175404 
322.928799653718 	0.510219874966344 
322.989008637178 	0.499889308774195 
323.049209204076 	0.487716539834870 
323.109401352564 	0.475913620584657 
323.169585080792 	0.466218257387119 
323.229760386911 	0.459575091654116 
323.289927269071 	0.456069084443191 
323.350085725424 	0.455034746740381 
323.410235754120 	0.455287387657689 
323.470377353311 	0.455449070054027 
323.530510521146 	0.454314897214503 
323.590635255777 	0.451150524608919 
323.650751555354 	0.445809475909833 
323.710859418029 	0.438645637776210 
323.770958841952 	0.430305481330990 
323.831049825273 	0.421520732736569 
323.891132366144 	0.412972145505877 
323.951206462716 	0.405223388924961 
324.011272113139 	0.398689403782626 
324.071329315564 	0.393613577575240 
324.131378068141 	0.390056547387081 
324.191418369022 	0.387918235633581 
324.251450216358 	0.387010000773371 
324.311473608299 	0.387166924685498 
324.371488542996 	0.388356258017520 
324.431495018599 	0.390722297376199 
324.491493033260 	0.394529614780407 
324.551482585130 	0.400016075213000 
324.611463672358 	0.407211278127156 
324.671436293097 	0.415792172591883 
324.731400445496 	0.425039111388661 
324.791356127707 	0.433930007665481 
324.851303337879 	0.441361550327937 
324.911242074166 	0.446418566766277 
324.971172334716 	0.448569555378412 
325.031094117680 	0.447701724453712 
325.091007421210 	0.444010734629972 
325.150912243457 	0.437844925640613 
325.210808582570 	0.429605106083377 
325.270696436701 	0.419733746383137 
325.330575804001 	0.408753994015314 
325.390446682621 	0.397289327132083 
325.450309070710 	0.386019977145148 
325.510162966421 	0.375585902846301 
325.570008367903 	0.366485321213841 
325.629845273308 	0.359018007572550 
325.689673680786 	0.353293113749447 
325.749493588489 	0.349287683050141 
325.809304994566 	0.346922341834454 
325.869107897170 	0.346119597351427 
325.928902294449 	0.346824263414332 
325.988688184556 	0.348985611056021 
326.048465565642 	0.352515271858457 
326.108234435856 	0.357237455062527 
326.167994793350 	0.362843176167334 
326.227746636274 	0.368858773101615 
326.287489962780 	0.374647198675260 
326.347224771018 	0.379470867069636 
326.406951059138 	0.382636493937270 
326.466668825293 	0.383699054733005 
326.526378067631 	0.382641304218620 
326.586078784305 	0.379924137375999 
326.645770973466 	0.376362291276139 
326.705454633263 	0.372880256539948 
326.765129761847 	0.370257972403338 
326.824796357370 	0.368951530263357 
326.884454417982 	0.369016455102776 
326.944103941835 	0.370125465175571 
327.003744927078 	0.371668795480822 
327.063377371862 	0.372926704077422 
327.123001274339 	0.373284664492976 
327.182616632660 	0.372426207378399 
327.242223444974 	0.370423632661905 
327.301821709433 	0.367685337109868 
327.361411424187 	0.364791673271066 
327.420992587388 	0.362301210215686 
327.480565197186 	0.360603025706135 
327.540129251732 	0.359849041271642 
327.599684749176 	0.359962071676036 
327.659231687670 	0.360697181190250 
327.718770065365 	0.361730371038355 
327.778299880410 	0.362749861093870 
327.837821130958 	0.363528497271330 
327.897333815158 	0.363963112214643 
327.956837931161 	0.364078327532090 
328.016333477119 	0.364004369816370 
328.075820451182 	0.363945164894598 
328.135298851500 	0.364150407996203 
328.194768676226 	0.364894075476661 
328.254229923508 	0.366447733711386 
328.313682591499 	0.369029131704619 
328.373126678349 	0.372712498188267 
328.432562182209 	0.377308256255567 
328.491989101229 	0.382252259487781 
328.551407433561 	0.386578441075820 
328.610817177355 	0.389060100723908 
328.670218330761 	0.388551266922347 
328.729610891932 	0.384422430519955 
328.788994859017 	0.376852996780191 
328.848370230168 	0.366780650931492 
328.907737003534 	0.355536754812518 
328.967095177268 	0.344400691561650 
329.026444749519 	0.334298015118725 
329.085785718439 	0.325713777241867 
329.145118082178 	0.318764386617662 
329.204441838887 	0.313334986016443 
329.263756986717 	0.309209763513842 
329.323063523819 	0.306156598969662 
329.382361448343 	0.303958242318292 
329.441650758440 	0.302405510533960 
329.500931452262 	0.301279531785279 
329.560203527958 	0.300348006197196 
329.619466983680 	0.299388812782125 
329.678721817578 	0.298239533519420 
329.737968027804 	0.296857878258065 
329.797205612507 	0.295368392123701 
329.856434569840 	0.294069822629949 
329.915654897952 	0.293389580440984 
329.974866594994 	0.293793632033218 
330.034069659117 	0.295679254023965 
330.093264088473 	0.299282820431136 
330.152449881211 	0.304625211382214 
330.211627035483 	0.311501625811416 
330.270795549439 	0.319506710474221 
330.329955421230 	0.328073534892248 
330.389106649007 	0.336504111970075 
330.448249230921 	0.343990031864664 
330.507383165123 	0.349658437074567 
330.566508449762 	0.352696612502923 
330.625625082991 	0.352567053781258 
330.684733062960 	0.349231386130579 
330.743832387819 	0.343240428340404 
330.802923055720 	0.335606520557625 
330.862005064813 	0.327518041438456 
330.921078413249 	0.320046019434878 
330.980143099179 	0.313957504825348 
331.039199120754 	0.309654828610728 
331.098246476124 	0.307196099714128 
331.157285163440 	0.306346017779868 
331.216315180853 	0.306632396615300 
331.275336526514 	0.307413393764623 
331.334349198574 	0.307975466484790 
331.393353195183 	0.307672679441576 
331.452348514492 	0.306084943122427 
331.511335154652 	0.303137387806534 
331.570313113814 	0.299120928868978 
331.629282390128 	0.294599483345302 
331.688242981746 	0.290249404810724 
331.747194886818 	0.286701790160192 
331.806138103495 	0.284435367742764 
331.865072629927 	0.283725889226771 
331.923998464266 	0.284629969970520 
331.982915604662 	0.286977816767010 
332.041824049267 	0.290364690378953 
332.100723796230 	0.294156056337012 
332.159614843703 	0.297544356549049 
332.218497189836 	0.299695836806151 
332.277370832781 	0.299981636261224 
332.336235770688 	0.298207754430792 
332.395092001707 	0.294711399156305 
332.453939523990 	0.290248367687147 
332.512778335688 	0.285726336910233 
332.571608434951 	0.281921054884933 
332.630429819930 	0.279285045157426 
332.689242488775 	0.277880335604871 
332.748046439638 	0.277417232963966 
332.806841670670 	0.277374630385082 
332.865628180021 	0.277179812439484 
332.924405965842 	0.276409067215591 
332.983175026283 	0.274943834131538 
333.041935359496 	0.273017820185493 
333.100686963631 	0.271137622346856 
333.159429836840 	0.269920834443166 
333.218163977272 	0.269920642533587 
333.276889383079 	0.271483697680633 
333.335606052412 	0.274652278352771 
333.394313983421 	0.279107704525831 
333.453013174257 	0.284167369258248 
333.511703623071 	0.288872452212938 
333.570385328013 	0.292198965475715 
333.629058287235 	0.293360187842588 
333.687722498888 	0.292072025696806 
333.746377961121 	0.288625774704928 
333.805024672086 	0.283720544796001 
333.863662629934 	0.278163485922213 
333.922291832815 	0.272602839295200 
333.980912278880 	0.267393672130660 
334.039523966281 	0.262602838293065 
334.098126893167 	0.258109099401319 
334.156721057690 	0.253743932241535 
334.215306458000 	0.249421985434200 
334.273883092248 	0.245219476733894 
334.332450958586 	0.241380117627055 
334.391010055163 	0.238258303561345 
334.449560380130 	0.236230755118616 
334.508101931639 	0.235607098355597 
334.566634707840 	0.236552717193226 
334.625158706884 	0.239021350566131 
334.683673926922 	0.242694615579153 
334.742180366104 	0.246944573800882 
334.800678022582 	0.250864247910439 
334.859166894505 	0.253421331554491 
334.917646980026 	0.253741495920887 
334.976118277294 	0.251417373339145 
335.034580784460 	0.246661733912317 
335.093034499676 	0.240197556310851 
335.151479421092 	0.232963917621657 
335.209915546859 	0.225826666158787 
335.268342875127 	0.219428051605375 
335.326761404048 	0.214187164690373 
335.385171131772 	0.210387793786368 
335.443572056450 	0.208281666317267 
335.501964176233 	0.208159483091209 
335.560347489271 	0.210371004607133 
335.618721993716 	0.215294369301449 
335.677087687718 	0.223257098123515 
335.735444569428 	0.234398837137130 
335.793792636996 	0.248454012481939 
335.852131888574 	0.264453524408227 
335.910462322313 	0.280444826487052 
335.968783936363 	0.293516265368529 
336.027096728874 	0.300502137758348 
336.085400697998 	0.299347842561539 
336.143695841886 	0.290273036329524 
336.201982158688 	0.275684119263273 
336.260259646555 	0.258913067031995 
336.318528303638 	0.242888875264772 
336.376788128088 	0.229527124186100 
336.435039118055 	0.219774223844356 
336.493281271691 	0.213904170879376 
336.551514587145 	0.211789816258237 
336.609739062569 	0.213061580162561 
336.667954696114 	0.217168144744341 
336.726161485931 	0.223385409736682 
336.784359430169 	0.230822823978357 
336.842548526981 	0.238465409723587 
336.900728774516 	0.245265378110303 
336.958900170926 	0.250265266747531 
337.017062714361 	0.252715445039666 
337.075216402973 	0.252158887978391 
337.133361234911 	0.248482015270693 
337.191497208327 	0.241939125819713 
337.249624321372 	0.233139776916897 
337.307742572196 	0.222974168551082 
337.365851958950 	0.212472805385656 
337.423952479785 	0.202639457031383 
337.482044132852 	0.194315660584147 
337.540126916301 	0.188111393928488 
337.598200828284 	0.184394940102693 
337.656265866951 	0.183308341123929 
337.714322030452 	0.184773465303596 
337.772369316939 	0.188470510523552 
337.830407724563 	0.193798759739079 
337.888437251474 	0.199864155372707 
337.946457895823 	0.205562851383078 
338.004469655761 	0.209804794127658 
338.062472529438 	0.211821465950938 
338.120466515006 	0.211393299166738 
338.178451610615 	0.208849960420508 
338.236427814416 	0.204858872294499 
338.294395124560 	0.200156898387414 
338.352353539198 	0.195366750662797 
338.410303056479 	0.190933580813274 
338.468243674556 	0.187138987403020 
338.526175391579 	0.184138142999779 
338.584098205699 	0.181991479736972 
338.642012115066 	0.180689731965347 
338.699917117832 	0.180182970210656 
338.757813212147 	0.180419045187757 
338.815700396161 	0.181382098812271 
338.873578668027 	0.183109678943400 
338.931448025893 	0.185668350008360 
338.989308467913 	0.189083746771020 
339.047159992235 	0.193242519749428 
339.105002597011 	0.197801737110438 
339.162836280392 	0.202154353335346 
339.220661040528 	0.205501233291007 
339.278476875570 	0.207048632354227 
339.336283783670 	0.206271513536602 
339.394081762977 	0.203105900923261 
339.451870811643 	0.197951573453045 
339.509650927818 	0.191493156167990 
339.567422109654 	0.184463371163923 
339.625184355301 	0.177472654100164 
339.682937662909 	0.170948041880904 
339.740682030630 	0.165153559140417 
339.798417456614 	0.160243223856411 
339.856143939013 	0.156309799186095 
339.913861475976 	0.153412455856339 
339.971570065655 	0.151582210880421 
340.029269706201 	0.150812747055804 
340.086960395764 	0.151047038947760 
340.144642132496 	0.152169220331032 
340.202314914546 	0.154008156274269 
340.259978740065 	0.156354864942055 
340.317633607206 	0.158990282566328 
340.375279514117 	0.161714171762980 
340.432916458951 	0.164363608814728 
340.490544439858 	0.166813509892458 
340.548163454988 	0.168961215172421 
340.605773502493 	0.170707036911896 
340.663374580523 	0.171946940271266 
340.720966687229 	0.172589062893818 
340.778549820761 	0.172593373261499 
340.836123979272 	0.172018311471732 
340.893689160911 	0.171048603584302 
340.951245363829 	0.169982908387646 
341.008792586177 	0.169177688345008 
341.066330826106 	0.168962403930868 
341.123860081766 	0.169548313822637 
341.181380351309 	0.170949191303600 
341.238891632885 	0.172929039340346 
341.296393924645 	0.174998415058367 
341.353887224740 	0.176489443143470 
341.411371531320 	0.176724529879954 
341.468846842537 	0.175237576833877 
341.526313156540 	0.171942852455697 
341.583770471482 	0.167152914576491 
341.641218785512 	0.161444018304174 
341.698658096782 	0.155464499631635 
341.756088403442 	0.149787809987318 
341.813509703643 	0.144847356102121 
341.870921995536 	0.140931910144350 
341.928325277272 	0.138203857162131 
341.985719547001 	0.136714315873337 
342.043104802875 	0.136406492431770 
342.100481043043 	0.137111354732518 
342.157848265657 	0.138547634364504 
342.215206468868 	0.140341822754925 
342.272555650827 	0.142079529266594 
342.329895809683 	0.143382999428190 
342.387226943589 	0.143986671531176 
342.444549050694 	0.143773561451943 
342.501862129150 	0.142755844198093 
342.559166177107 	0.141020212311637 
342.616461192717 	0.138679381832340 
342.673747174129 	0.135858541252538 
342.731024119495 	0.132713477420808 
342.788292026966 	0.129452146414281 
342.845550894692 	0.126330692120002 
342.902800720824 	0.123615539027866 
342.960041503513 	0.121526158726048 
343.017273240910 	0.120181295067258 
343.074495931166 	0.119565301469472 
343.131709572430 	0.119523434944671 
343.188914162855 	0.119792709550748 
343.246109700590 	0.120071942609371 
343.303296183788 	0.120119809307687 
343.360473610597 	0.119845589830877 
343.417641979170 	0.119347747330839 
343.474801287657 	0.118881003467409 
343.531951534209 	0.118776283048813 
343.589092716976 	0.119359486619631 
343.646224834110 	0.120900207705381 
343.703347883761 	0.123592117859728 
343.760461864080 	0.127547002786282 
343.817566773218 	0.132780099979844 
343.874662609325 	0.139170905720956 
343.931749370553 	0.146398725215808 
343.988827055052 	0.153877894394133 
344.045895660973 	0.160750103267699 
344.102955186466 	0.166004574774055 
344.160005629683 	0.168744704733121 
344.217046988775 	0.168496808004286 
344.274079261892 	0.165370497402909 
344.331102447184 	0.159961668608032 
344.388116542803 	0.153081035725668 
344.445121546900 	0.145489571818654 
344.502117457625 	0.137756994615001 
344.559104273129 	0.130245492479367 
344.616081991563 	0.123162744130050 
344.673050611078 	0.116629764758518 
344.730010129824 	0.110732468693350 
344.786960545952 	0.105546965964000 
344.843901857614 	0.101141669940677 
344.900834062959 	0.097565091334970 
344.957757160139 	0.094828661783411 
345.014671147304 	0.092891792758890 
345.071576022605 	0.091654544196810 
345.128471784194 	0.090963043486359 
345.185358430220 	0.090632413576911 
345.242235958835 	0.090487425692069 
345.299104368189 	0.090410638353231 
345.355963656433 	0.090377546490962 
345.412813821719 	0.090459698869050 
345.469654862196 	0.090793017117556 
345.526486776015 	0.091526857280656 
345.583309561328 	0.092774507389984 
345.640123216285 	0.094577350008174 
345.696927739037 	0.096884086111961 
345.753723127735 	0.099541936162004 
345.810509380529 	0.102299184687469 
345.867286495570 	0.104823922400487 
345.924054471010 	0.106747254376725 
345.980813304998 	0.107734803902763 
346.037562995686 	0.107574456679444 
346.094303541225 	0.106247349985245 
346.151034939765 	0.103942711201452 
346.207757189456 	0.101000914500471 
346.264470288451 	0.097809607166093 
346.321174234899 	0.094700545592848 
346.377869026952 	0.091884024800774 
346.434554662760 	0.089431113841720 
346.491231140474 	0.087295340369493 
346.547898458244 	0.085360439394124 
346.604556614222 	0.083500314328965 
346.661205606559 	0.081634620728377 
346.717845433405 	0.079761957998035 
346.774476092911 	0.077960265737013 
346.831097583227 	0.076359624301152 
346.887709902505 	0.075104600869122 
346.944313048895 	0.074322752717377 
347.000907020549 	0.074106378941349 
347.057491815616 	0.074505381245905 
347.114067432248 	0.075525179552083 
347.170633868596 	0.077124133524824 
347.227191122810 	0.079207181762792 
347.283739193041 	0.081615309713954 
347.340278077439 	0.084114692127631 
347.396807774157 	0.086395751562213 
347.453328281344 	0.088098545761248 
347.509839597151 	0.088878313809768 
347.566341719729 	0.088503801851565 
347.622834647229 	0.086946882110507 
347.679318377802 	0.084407304768480 
347.735792909598 	0.081249901675581 
347.792258240768 	0.077889917453740 
347.848714369463 	0.074688456372487 
347.905161293834 	0.071896256577792 
347.961599012032 	0.069644902792834 
348.018027522207 	0.067964213200174 
348.074446822510 	0.066805877163448 
348.130856911092 	0.066063730951043 
348.187257786104 	0.065590623614046 
348.243649445696 	0.065217340249532 
348.300031888020 	0.064779537678773 
348.356405111226 	0.064153247029360 
348.412769113465 	0.063289814396744 
348.469123892887 	0.062234111865932 
348.525469447644 	0.061113939021887 
348.581805775886 	0.060103289541962 
348.638132875765 	0.059375380980682 
348.694450745430 	0.059062112800837 
348.750759383033 	0.059227378072392 
348.807058786724 	0.059853080024233 
348.863348954654 	0.060835528879094 
348.919629884975 	0.061994717148716 
348.975901575836 	0.063103051265537 
349.032164025389 	0.063935909585619 
349.088417231785 	0.064332083443053 
349.144661193173 	0.064238184413765 
349.200895907706 	0.063713818512722 
349.257121373533 	0.062895832818380 
349.313337588806 	0.061941595295409 
349.369544551676 	0.060975686809700 
349.425742260292 	0.060054461754968 
349.481930712807 	0.059152668757651 
349.538109907370 	0.058173153656541 
349.594279842133 	0.056980735648503 
349.650440515246 	0.055455996043088 
349.706591924860 	0.053551079405756 
349.762734069126 	0.051319066732916 
349.818866946195 	0.048898564796723 
349.874990554217 	0.046463834375473 
349.931104891344 	0.044171323620636 
349.987209955725 	0.042127867047972 
350.043305745513 	0.040385609502323 
350.099392258857 	0.038954218937128 
350.155469493909 	0.037818261722096 
350.211537448819 	0.036951398765643 
350.267596121738 	0.036323876638644 
350.323645510816 	0.035903612236481 
350.379685614206 	0.035653750241586 
350.435716430057 	0.035530700698893 
350.491737956520 	0.035486080649079 
350.547750191746 	0.035473697831827 
350.603753133885 	0.035459361466021 
350.659746781090 	0.035428623076868 
350.715731131509 	0.035387725805327 
350.771706183295 	0.035356591242143 
350.827671934598 	0.035357141732091 
350.883628383569 	0.035402289907337 
350.939575528358 	0.035489505041679 
350.995513367116 	0.035599640023665 
351.051441897995 	0.035698925077608 
351.107361119144 	0.035741152030509 
351.163271028715 	0.035668615597962 
351.219171624859 	0.035413741523678 
351.275062905726 	0.034906283007730 
351.330944869467 	0.034090138943938 
351.386817514233 	0.032947215755126 
351.442680838174 	0.031516622047196 
351.498534839442 	0.029894985316081 
351.554379516188 	0.028213961427349 
351.610214866561 	0.026606415277260 
351.666040888713 	0.025178439501323 
351.721857580795 	0.023996673010313 
351.777664940957 	0.023089355756506 
351.833462967350 	0.022454390389816 
351.889251658125 	0.022068684008006 
351.945031011433 	0.021896160198682 
352.000801025425 	0.021894040310548 
352.056561698251 	0.022017553099992 
352.112313028062 	0.022222657213429 
352.168055013010 	0.022465754603189 
352.223787651243 	0.022699806254093 
352.279510940915 	0.022868189899764 
352.335224880175 	0.022900463983544 
352.390929467173 	0.022716278172688 
352.446624700062 	0.022242311538644 
352.502310576992 	0.021439780872433 
352.557987096113 	0.020328840460544 
352.613654255576 	0.018991661419652 
352.669312053532 	0.017547974664089 
352.724960488132 	0.016117125844931 
352.780599557527 	0.014788202474562 
352.836229259868 	0.013608960067983 
352.891849593304 	0.012590016899689 
352.947460555988 	0.011715530510060 
353.003062146069 	0.010954172906782 
353.058654361699 	0.010268382436072 
353.114237201029 	0.009622125574463 
353.169810662208 	0.008987396913281 
353.225374743389 	0.008348548076780 
353.280929442721 	0.007702863654861 
353.336474758356 	0.007056822042711 
353.392010688445 	0.006419740919534 
353.447537231137 	0.005797994825850 
353.503054384585 	0.005192351016740 
353.558562146938 	0.004598904091499 
353.614060516348 	0.004012251817296 
353.669549490965 	0.003428763641205 
353.725029068940 	0.002848065863089 
353.780499248424 	0.002271996225234 
353.835960027568 	0.001701828918519 
353.891411404522 	0.001135644020310 
353.946853377438 	0.000567583405155 
354.002285944465 	-0.000010386419086 
354.057709103756 	-0.000604909373149 
354.113122853460 	-0.001217528990002 
354.168527191728 	-0.001842842450207 
354.223922116712 	-0.002469911372606 
354.279307626562 	-0.003086599505332 
354.334683719429 	-0.003684598497767 
354.390050393463 	-0.004262438199960 
354.445407646816 	-0.004825212314702 
354.500755477638 	-0.005381727919925 
354.556093884080 	-0.005940788620797 
354.611422864292 	-0.006508143517811 
354.666742416427 	-0.007085013723657 
354.722052538633 	-0.007668552968280 
354.777353229063 	-0.008254104964188 
354.832644485867 	-0.008838515245614 
354.887926307195 	-0.009423216758544 
354.943198691199 	-0.010015741564913 
354.998461636030 	-0.010628917369443 
355.053715139837 	-0.011277903454832 
355.108959200773 	-0.011975848484330 
355.164193816987 	-0.012729128510162 
355.219418986630 	-0.013533170650428 
355.274634707854 	-0.014370145523978 
355.329840978809 	-0.015210146586323 
355.385037797646 	-0.016017041303412 
355.440225162515 	-0.016758178507255 
355.495403071568 	-0.017414253639538 
355.550571522955 	-0.017984337976941 
355.605730514827 	-0.018483289886837 
355.660880045335 	-0.018933088360298 
355.716020112630 	-0.019352649847391 
355.771150714862 	-0.019750692483102 
355.826271850182 	-0.020124290023502 
355.881383516741 	-0.020463493578469 
355.936485712690 	-0.020760342351987 
355.991578436180 	-0.021018852405682 
356.046661685361 	-0.021261914890307 
356.101735458384 	-0.021532301055672 
356.156799753400 	-0.021887695290282 
356.211854568560 	-0.022391944040756 
356.266899902014 	-0.023104995053695 
356.321935751914 	-0.024072617826325 
356.376962116409 	-0.025315681873397 
356.431978993652 	-0.026819287533138 
356.486986381792 	-0.028525111091785 
356.541984278981 	-0.030334250063778 
356.596972683369 	-0.032127431645327 
356.651951593108 	-0.033799427986325 
356.706921006347 	-0.035289631652600 
356.761880921237 	-0.036587459338163 
356.816831335930 	-0.037707953641248 
356.871772248577 	-0.038654549058729 
356.926703657327 	-0.039393458268942 
356.981625560332 	-0.039855966430201 
357.036537955743 	-0.039969258456637 
357.091440841711 	-0.039699263922640 
357.146334216385 	-0.039079224941386 
357.201218077918 	-0.038206283686969 
357.256092424459 	-0.037211357323081 
357.310957254160 	-0.036223758663431 
357.365812565171 	-0.035348797043791 
357.420658355643 	-0.034662834202528 
357.475494623727 	-0.034220104842872 
357.530321367574 	-0.034063382350759 
357.585138585335 	-0.034232917497570 
357.639946275160 	-0.034771196751746 
357.694744435200 	-0.035723106308792 
357.749533063606 	-0.037131708855014 
357.804312158528 	-0.039029459428082 
357.859081718118 	-0.041424221447471 
357.913841740527 	-0.044280364046699 
357.968592223904 	-0.047499013660610 
358.023333166401 	-0.050908370100396 
358.078064566169 	-0.054280203845577 
358.132786421359 	-0.057381915916791 
358.187498730120 	-0.060048942012680 
358.242201490605 	-0.062236438660650 
358.296894700963 	-0.064013687794454 
358.351578359346 	-0.065502873190896 
358.406252463905 	-0.066798697233564 
358.460917012790 	-0.067908408036657 
358.515572004151 	-0.068734499984598 
358.570217436141 	-0.069105248377548 
358.624853306909 	-0.068843476833789 
358.679479614606 	-0.067846442583146 
358.734096357384 	-0.066138549323966 
358.788703533392 	-0.063870939316396 
358.843301140783 	-0.061274400155589 
358.897889177705 	-0.058596576608612 
358.952467642311 	-0.056052540415195 
359.007036532752 	-0.053799479501130 
359.061595847177 	-0.051931031319608 
359.116145583738 	-0.050482230207870 
359.170685740585 	-0.049438514614647 
359.225216315869 	-0.048746374734490 
359.279737307742 	-0.048326117306540 
359.334248714354 	-0.048087764232078 
359.388750533855 	-0.047949209117069 
359.443242764396 	-0.047852601297071 
359.497725404129 	-0.047773346956215 
359.552198451204 	-0.047718399480668 
359.606661903772 	-0.047715711028916 
359.661115759983 	-0.047800932433880 
359.715560017989 	-0.048007715464779 
359.769994675940 	-0.048364825272954 
359.824419731987 	-0.048899237170057 
359.878835184280 	-0.049641606425529 
359.933241030972 	-0.050629765309635 
359.987637270211 	-0.051907103186502 
360.042023900150 	-0.053514982856399 
360.096400918939 	-0.055480586572917 
360.150768324728 	-0.057803144879539 
360.205126115669 	-0.060442530122662 
360.259474289912 	-0.063315074799137 
360.313812845609 	-0.066301471330268 
360.368141780909 	-0.069268878170609 
360.422461093964 	-0.072102870912979 
360.476770782925 	-0.074737194459283 
360.531070845941 	-0.077166493011501 
360.585361281165 	-0.079433270285261 
360.639642086747 	-0.081592119948257 
360.693913260837 	-0.083664298390395 
360.748174801587 	-0.085599951321056 
360.802426707147 	-0.087265181553912 
360.856668975668 	-0.088467025454251 
360.910901605301 	-0.089016865493455 
360.965124594197 	-0.088810007151715 
361.019337940506 	-0.087880203436647 
361.073541642379 	-0.086396429978840 
361.127735697967 	-0.084606267734267 
361.181920105421 	-0.082763367744426 
361.236094862891 	-0.081077253262688 
361.290259968529 	-0.079699947452647 
361.344415420485 	-0.078740760862802 
361.398561216910 	-0.078291094371389 
361.452697355955 	-0.078442955956422 
361.506823835770 	-0.079291706916888 
361.560940654506 	-0.080920279535762 
361.615047810315 	-0.083366075154433 
361.669145301346 	-0.086573614165499 
361.723233125751 	-0.090340676754175 
361.777311281681 	-0.094278991237820 
361.831379767286 	-0.097829637632471 
361.885438580717 	-0.100374557796720 
361.939487720125 	-0.101434744464606 
361.993527183661 	-0.100856425104698 
362.047556969475 	-0.098856698026331 
362.101577075718 	-0.095897812909713 
362.155587500541 	-0.092488778259517 
362.209588242095 	-0.089035562159005 
362.263579298531 	-0.085787302686808 
362.317560667999 	-0.082856830111459 
362.371532348650 	-0.080274315955869 
362.425494338635 	-0.078043101383178 
362.479446636106 	-0.076180970816509 
362.533389239211 	-0.074740584849404 
362.587322146103 	-0.073810631870721 
362.641245354932 	-0.073504655577524 
362.695158863849 	-0.073945684123153 
362.749062671005 	-0.075251510012910 
362.802956774550 	-0.077520219138747 
362.856841172636 	-0.080811418889664 
362.910715863413 	-0.085117558646654 
362.964580845032 	-0.090323360917403 
363.018436115643 	-0.096161672159451 
363.072281673398 	-0.102190486173782 
363.126117516447 	-0.107828426489070 
363.179943642941 	-0.112472025235848 
363.233760051031 	-0.115664647045458 
363.287566738868 	-0.117229332664840 
363.341363704602 	-0.117285279632868 
363.395150946384 	-0.116149189031127 
363.448928462366 	-0.114196753430493 
363.502696250697 	-0.111760029693670 
363.556454309529 	-0.109087565257721 
363.610202637012 	-0.106352408390818 
363.663941231298 	-0.103680502707644 
363.717670090536 	-0.101178315771495 
363.771389212878 	-0.098949676913852 
363.825098596475 	-0.097100524368336 
363.878798239477 	-0.095734974054474 
363.932488140035 	-0.094947369927607 
363.986168296301 	-0.094813976802824 
364.039838706424 	-0.095386135662886 
364.093499368555 	-0.096685161886441 
364.147150280846 	-0.098698624978163 
364.200791441447 	-0.101377909507942 
364.254422848509 	-0.104637714375839 
364.308044500182 	-0.108358693104813 
364.361656394618 	-0.112394010391540 
364.415258529967 	-0.116578892519862 
364.468850904381 	-0.120740025803012 
364.522433516009 	-0.124700767910107 
364.576006363003 	-0.128280447747005 
364.629569443513 	-0.131291338968776 
364.683122755691 	-0.133541924941594 
364.736666297686 	-0.134855221569698 
364.790200067651 	-0.135103495486498 
364.843724063735 	-0.134248597059841 
364.897238284089 	-0.132368724982309 
364.950742726865 	-0.129655848851553 
365.004237390212 	-0.126382457841402 
365.057722272282 	-0.122851238068094 
365.111197371226 	-0.119346242878649 
365.164662685195 	-0.116098284543758 
365.218118212338 	-0.113267749263492 
365.271563950807 	-0.110941589588601 
365.324999898753 	-0.109139607306056 
365.378426054327 	-0.107826482122877 
365.431842415679 	-0.106927823320852 
365.485248980960 	-0.106349250626356 
365.538645748321 	-0.105996782374690 
365.592032715913 	-0.105795391276089 
365.645409881886 	-0.105701838885756 
365.698777244391 	-0.105708941813179 
365.752134801580 	-0.105841070742299 
365.805482551602 	-0.106143457777390 
365.858820492609 	-0.106669199801161 
365.912148622751 	-0.107467238100348 
365.965466940180 	-0.108572888409840 
366.018775443046 	-0.110000912677837 
366.072074129499 	-0.111740512375165 
366.125362997691 	-0.113752136060656 
366.178642045773 	-0.115967200754532 
366.231911271894 	-0.118292841531575 
366.285170674207 	-0.120623573815191 
366.338420250862 	-0.122859522071416 
366.391660000009 	-0.124927097440023 
366.444889919799 	-0.126794783612992 
366.498110008383 	-0.128476656438010 
366.551320263913 	-0.130020343800092 
366.604520684538 	-0.131482279482206 
366.657711268410 	-0.132897952256360 
366.710892013679 	-0.134256566271128 
366.764062918496 	-0.135488765120229 
366.817223981012 	-0.136473873472260 
366.870375199378 	-0.137068941825053 
366.923516571744 	-0.137154410842002 
366.976648096262 	-0.136681726885534 
367.029769771081 	-0.135702934893928 
367.082881594354 	-0.134367962213973 
367.135983564230 	-0.132891020069860 
367.189075678860 	-0.131502584842045 
367.242157936396 	-0.130407245951499 
367.295230334988 	-0.129759987690261 
367.348292872786 	-0.129661970976592 
367.401345547942 	-0.130168867780299 
367.454388358607 	-0.131302337023467 
367.507421302931 	-0.133057005305017 
367.560444379065 	-0.135399275519219 
367.613457585159 	-0.138258765105378 
367.666460919365 	-0.141516952066235 
367.719454379834 	-0.144999821184266 
367.772437964715 	-0.148481573355630 
367.825411672161 	-0.151704439152024 
367.878375500321 	-0.154415149606966 
367.931329447347 	-0.156412160888292 
367.984273511389 	-0.157591394670781 
368.037207690598 	-0.157975527794392 
368.090131983126 	-0.157715647427936 
368.143046387121 	-0.157063744419498 
368.195950900737 	-0.156325011999340 
368.248845522122 	-0.155804204151915 
368.301730249429 	-0.155758089090960 
368.354605080807 	-0.156359254611362 
368.407470014409 	-0.157670326627270 
368.460325048383 	-0.159625731905948 
368.513170180882 	-0.162021332599609 
368.566005410056 	-0.164518957816973 
368.618830734056 	-0.166678930610905 
368.671646151032 	-0.168032260596857 
368.724451659135 	-0.168188722990527 
368.777247256517 	-0.166950385515674 
368.830032941328 	-0.164381269101355 
368.882808711719 	-0.160795776848108 
368.935574565840 	-0.156670175365482 
368.988330501842 	-0.152520539166876 
369.041076517877 	-0.148797005617875 
369.093812612095 	-0.145820917631825 
369.146538782646 	-0.143763817848944 
369.199255027682 	-0.142653579537766 
369.251961345353 	-0.142393928815500 
369.304657733811 	-0.142790947163781 
369.357344191205 	-0.143586206561455 
369.410020715687 	-0.144497263109955 
369.462687305407 	-0.145262485402294 
369.515343958517 	-0.145682183985902 
369.567990673166 	-0.145646457075061 
369.620627447507 	-0.145144171387586 
369.673254279689 	-0.144254399872860 
369.725871167864 	-0.143126569547521 
369.778478110182 	-0.141956266978614 
369.831075104794 	-0.140961616277360 
369.883662149850 	-0.140362972801458 
369.936239243503 	-0.140367397394190 
369.988806383901 	-0.141158406283351 
370.041363569197 	-0.142890204990717 
370.093910797541 	-0.145684092269331 
370.146448067084 	-0.149623511985390 
370.198975375976 	-0.154743908862746 
370.251492722369 	-0.161014553085352 
370.304000104413 	-0.168312328057951 
370.356497520258 	-0.176392460396046 
370.408984968057 	-0.184867677911024 
370.461462445959 	-0.193212355012359 
370.513929952115 	-0.200806226222644 
370.566387484676 	-0.207018590303495 
370.618835041793 	-0.211312250372874 
370.671272621617 	-0.213331515493263 
370.723700222299 	-0.212945067518311 
370.776117841988 	-0.210239262832060 
370.828525478837 	-0.205479809432121 
370.880923130996 	-0.199063358043656 
370.933310796615 	-0.191469363731123 
370.985688473846 	-0.183212429792776 
371.038056160839 	-0.174795068632975 
371.090413855745 	-0.166666196037225 
371.142761556714 	-0.159193146481445 
371.195099261899 	-0.152651499314975 
371.247426969449 	-0.147231005914534 
371.299744677515 	-0.143051948356875 
371.352052384247 	-0.140185879928817 
371.404350087798 	-0.138676593803623 
371.456637786317 	-0.138559272623567 
371.508915477956 	-0.139876777722057 
371.561183160865 	-0.142691586950797 
371.613440833195 	-0.147090277568213 
371.665688493096 	-0.153175215273430 
371.717926138720 	-0.161035777924101 
371.770153768217 	-0.170689880153180 
371.822371379739 	-0.181988334453792 
371.874578971435 	-0.194485908620412 
371.926776541457 	-0.207313303785127 
371.978964087955 	-0.219135042847785 
372.031141609081 	-0.228315038514475 
372.083309102985 	-0.233351461188542 
372.135466567817 	-0.233438769384029 
372.187614001730 	-0.228817864111041 
372.239751402872 	-0.220659180193968 
372.291878769396 	-0.210574606457434 
372.343996099452 	-0.200093889242027 
372.396103391190 	-0.190354680001708 
372.448200642764 	-0.182032007343627 
372.500287852320 	-0.175407445035983 
372.552365018012 	-0.170479830690653 
372.604432137990 	-0.167068766166565 
372.656489210405 	-0.164901913479113 
372.708536233407 	-0.163692832250940 
372.760573205148 	-0.163212919818224 
372.812600123778 	-0.163349690525855 
372.864616987447 	-0.164136749277909 
372.916623794308 	-0.165746591911400 
372.968620542510 	-0.168452104773363 
373.020607230204 	-0.172573461347229 
373.072583855542 	-0.178425192519668 
373.124550416673 	-0.186266502997476 
373.176506911749 	-0.196245511718229 
373.228453338920 	-0.208322091947371 
373.280389696338 	-0.222158749632270 
373.332315982153 	-0.236990002861380 
373.384232194515 	-0.251523280859672 
373.436138331577 	-0.263977832342470 
373.488034391487 	-0.272380466297133 
373.539920372398 	-0.275126434346486 
373.591796272460 	-0.271582875729566 
373.643662089824 	-0.262365804817888 
373.695517822640 	-0.249093217751494 
373.747363469060 	-0.233791860931041 
373.799199027234 	-0.218326546302110 
373.851024495313 	-0.204089258605485 
373.902839871448 	-0.191952361623214 
373.954645153789 	-0.182370126294509 
374.006440340488 	-0.175518212062533 
374.058225429695 	-0.171411368860344 
374.110000419560 	-0.169981022732629 
374.161765308236 	-0.171114954062714 
374.213520093872 	-0.174667949230919 
374.265264774619 	-0.180453463108225 
374.316999348628 	-0.188226652288896 
374.368723814051 	-0.197669604168060 
374.420438169037 	-0.208388341418702 
374.472142411737 	-0.219925270405382 
374.523836540303 	-0.231779538661282 
374.575520552884 	-0.243416738725324 
374.627194447633 	-0.254249607794623 
374.678858222699 	-0.263591680510561 
374.730511876234 	-0.270622485463295 
374.782155406388 	-0.274433655281549 
374.833788811312 	-0.274212935265913 
374.885412089157 	-0.269539253548492 
374.937025238073 	-0.260641625751002 
374.988628256212 	-0.248436573639817 
375.040221141724 	-0.234287950354141 
375.091803892760 	-0.219628441195930 
375.143376507470 	-0.205649746374685 
375.194938984007 	-0.193170742858028 
375.246491320519 	-0.182661539420501 
375.298033515159 	-0.174343025280103 
375.349565566077 	-0.168293329829542 
375.401087471423 	-0.164526559077298 
375.452599229349 	-0.163034742839297 
375.504100838005 	-0.163795399041512 
375.555592295543 	-0.166749484307252 
375.607073600112 	-0.171754396292231 
375.658544749864 	-0.178520281555402 
375.710005742949 	-0.186549852524251 
375.761456577519 	-0.195120629130218 
375.812897251724 	-0.203357890070648 
375.864327763714 	-0.210417850224271 
375.915748111641 	-0.215725000885441 
375.967158293656 	-0.219139254571553 
376.018558307909 	-0.220951290190306 
376.069948152551 	-0.221717410119983 
376.121327825733 	-0.222040812515047 
376.172697325605 	-0.222405416468851 
376.224056650319 	-0.223104063417057 
376.275405798025 	-0.224246339755205 
376.326744766873 	-0.225810127938986 
376.378073555016 	-0.227703316091635 
376.429392160603 	-0.229812054574075 
376.480700581786 	-0.232023970578590 
376.531998816715 	-0.234227777735702 
376.583286863540 	-0.236301484126253 
376.634564720414 	-0.238105008742799 
376.685832385485 	-0.239487481566200 
376.737089856907 	-0.240308214079086 
376.788337132828 	-0.240460541772556 
376.839574211400 	-0.239886154006708 
376.890801090774 	-0.238575188242752 
376.942017769100 	-0.236558026602021 
376.993224244530 	-0.233899523087240 
377.044420515214 	-0.230701520149290 
377.095606579302 	-0.227109472500474 
377.146782434946 	-0.223312415359877 
377.197948080297 	-0.219527806530884 
377.249103513505 	-0.215971827971300 
377.300248732721 	-0.212824362808091 
377.351383736095 	-0.210200356862171 
377.402508521780 	-0.208135543265397 
377.453623087924 	-0.206588435644654 
377.504727432680 	-0.205455689128935 
377.555821554198 	-0.204595627964026 
377.606905450628 	-0.203854499111954 
377.657979120122 	-0.203090991226657 
377.709042560831 	-0.202196035213594 
377.760095770905 	-0.201106236388755 
377.811138748494 	-0.199810083966572 
377.862171491751 	-0.198346570800751 
377.913193998824 	-0.196796727809542 
377.964206267866 	-0.195270190639114 
378.015208297028 	-0.193890655137078 
378.066200084459 	-0.192784673484021 
378.117181628311 	-0.192076833541454 
378.168152926734 	-0.191891291349472 
378.219113977879 	-0.192356292077848 
378.270064779898 	-0.193606344974600 
378.321005330940 	-0.195777033973152 
378.371935629158 	-0.198989792354274 
378.422855672700 	-0.203327151788202 
378.473765459719 	-0.208801901077608 
378.524664988365 	-0.215326003541963 
378.575554256788 	-0.222687385763052 
378.626433263140 	-0.230544613397716 
378.677302005572 	-0.238449238721442 
378.728160482234 	-0.245900605649430 
378.779008691276 	-0.252427317865407 
378.829846630851 	-0.257676958524972 
378.880674299108 	-0.261488147361737 
378.931491694198 	-0.263922312973567 
378.982298814273 	-0.265245934700590 
379.033095657482 	-0.265870645415374 
379.083882221978 	-0.266270497189229 
379.134658505909 	-0.266898652034196 
379.185424507428 	-0.268120801643292 
379.236180224685 	-0.270174133293715 
379.286925655832 	-0.273153085008748 
379.337660799017 	-0.277018238526549 
379.388385652393 	-0.281621448037328 
379.439100214111 	-0.286737111305148 
379.489804482320 	-0.292086931146197 
379.540498455173 	-0.297347009526535 
379.591182130819 	-0.302135111237115 
379.641855507409 	-0.305991538065293 
379.692518583095 	-0.308381874881547 
379.743171356026 	-0.308751944432806 
379.793813824355 	-0.306644500263678 
379.844445986231 	-0.301846127355331 
379.895067839805 	-0.294496279120828 
379.945679383229 	-0.285093967115501 
379.996280614653 	-0.274390519282923 
380.046871532227 	-0.263220382638498 
380.097452134103 	-0.252345354544655 
380.148022418431 	-0.242361142826215 
380.198582383363 	-0.233671246535034 
380.249132027048 	-0.226504759262146 
380.299671347638 	-0.220949693575976 
380.350200343284 	-0.216982204042535 
380.400719012136 	-0.214483760951674 
380.451227352345 	-0.213247717915076 
380.501725362062 	-0.212983116642879 
380.552213039437 	-0.213327296915615 
380.602690382622 	-0.213878852290872 
380.653157389768 	-0.214256165488458 
380.703614059024 	-0.214173289681971 
380.754060388542 	-0.213509679239086 
380.804496376473 	-0.212344763715788 
380.854922020967 	-0.210940801998491 
380.905337320176 	-0.209681636470199 
380.955742272250 	-0.208993417493610 
381.006136875339 	-0.209274106830199 
381.056521127595 	-0.210845240516466 
381.106895027168 	-0.213924246332080 
381.157258572210 	-0.218607263351079 
381.207611760870 	-0.224852311085287 
381.257954591301 	-0.232458562338843 
381.308287061651 	-0.241047228602158 
381.358609170074 	-0.250061050354716 
381.408920914718 	-0.258807494267720 
381.459222293735 	-0.266565425103409 
381.509513305276 	-0.272746977435488 
381.559793947492 	-0.277062807665587 
381.610064218532 	-0.279612417581572 
381.660324116549 	-0.280845523455727 
381.710573639693 	-0.281406715786122 
381.760812786114 	-0.281931826741640 
381.811041553964 	-0.282871538290391 
381.861259941394 	-0.284388135891027 
381.911467946553 	-0.286341475012742 
381.961665567593 	-0.288365933560980 
382.011852802665 	-0.290027284450396 
382.062029649919 	-0.291019305390756 
382.112196107506 	-0.291324926930828 
382.162352173578 	-0.291265001116636 
382.212497846284 	-0.291410803654964 
382.262633123776 	-0.292407629956209 
382.312758004204 	-0.294787308178566 
382.362872485719 	-0.298824571847414 
382.412976566473 	-0.304454186380850 
382.463070244615 	-0.311249028164204 
382.513153518296 	-0.318466331526517 
382.563226385668 	-0.325176563633679 
382.613288844882 	-0.330471466492920 
382.663340894087 	-0.333702112598345 
382.713382531434 	-0.334657938744219 
382.763413755076 	-0.333609298431594 
382.813434563161 	-0.331203333721221 
382.863444953842 	-0.328273855085486 
382.913444925269 	-0.325647194319097 
382.963434475592 	-0.323996686383498 
383.013413602963 	-0.323756081123243 
383.063382305532 	-0.325077842563616 
383.113340581450 	-0.327821989731672 
383.163288428868 	-0.331575217111025 
383.213225845937 	-0.335714686043359 
383.263152830807 	-0.339531699275531 
383.313069381629 	-0.342407221019015 
383.362975496554 	-0.343990537349888 
383.412871173733 	-0.344305398355333 
383.462756411317 	-0.343728225676176 
383.512631207456 	-0.342844821366819 
383.562495560301 	-0.342247291494762 
383.612349468003 	-0.342342107955670 
383.662192928713 	-0.343212217933747 
383.712025940582 	-0.344547874204538 
383.761848501760 	-0.345655247584537 
383.811660610398 	-0.345561157937625 
383.861462264646 	-0.343228061473996 
383.911253462657 	-0.337850593813836 
383.961034202580 	-0.329134779006928 
384.010804482567 	-0.317425788683885 
384.060564300767 	-0.303610479622566 
384.110313655333 	-0.288848412711598 
384.160052544414 	-0.274271834393247 
384.209780966161 	-0.260776125948442 
384.259498918726 	-0.248939419337779 
384.309206400259 	-0.239041847802956 
384.358903408911 	-0.231134063805875 
384.408589942832 	-0.225116364492922 
384.458266000174 	-0.220808904255772 
384.507931579087 	-0.218006493429470 
384.557586677722 	-0.216516570176102 
384.607231294230 	-0.216179521934738 
384.656865426762 	-0.216870687732975 
384.706489073468 	-0.218485452072740 
384.756102232499 	-0.220912918126795 
384.805704902006 	-0.224008162967399 
384.855297080139 	-0.227575930827111 
384.904878765051 	-0.231377732420208 
384.954449954890 	-0.235167751711930 
385.004010647809 	-0.238750530484018 
385.053560841958 	-0.242039671771480 
385.103100535487 	-0.245091108098292 
385.152629726548 	-0.248093792716635 
385.202148413292 	-0.251320845347735 
385.251656593868 	-0.255061650904042 
385.301154266428 	-0.259559715589940 
385.350641429123 	-0.264973338173820 
385.400118080104 	-0.271364504499234 
385.449584217520 	-0.278711944548582 
385.499039839524 	-0.286937827957050 
385.548484944266 	-0.295932947575628 
385.597919529896 	-0.305563023372306 
385.647343594565 	-0.315641671320066 
385.696757136425 	-0.325866315777258 
385.746160153626 	-0.335732519558507 
385.795552644319 	-0.344467595898447 
385.844934606654 	-0.351047245689596 
385.894306038783 	-0.354357244923799 
385.943666938856 	-0.353505215187135 
385.993017305023 	-0.348175584282942 
386.042357135437 	-0.338833944620131 
386.091686428247 	-0.326638743309264 
386.141005181605 	-0.313102057894455 
386.190313393660 	-0.299691689326771 
386.239611062565 	-0.287554243700563 
386.288898186469 	-0.277416317677707 
386.338174763524 	-0.269618274328014 
386.387440791880 	-0.264207695945031 
386.436696269688 	-0.261041171214745 
386.485941195099 	-0.259872692630175 
386.535175566264 	-0.260424830705658 
386.584399381333 	-0.262443644518322 
386.633612638457 	-0.265735922030113 
386.682815335788 	-0.270184184422269 
386.732007471475 	-0.275734832792310 
386.781189043670 	-0.282358288752882 
386.830360050524 	-0.289985021614489 
386.879520490186 	-0.298426577852197 
386.928670360809 	-0.307297283094273 
386.977809660542 	-0.315962471848653 
387.026938387537 	-0.323550921275185 
387.076056539945 	-0.329070225852942 
387.125164115915 	-0.331633782223811 
387.174261113600 	-0.330740733061564 
387.223347531149 	-0.326484424159492 
387.272423366714 	-0.319571475704041 
387.321488618446 	-0.311134707071205 
387.370543284494 	-0.302440868296567 
387.419587363010 	-0.294628785624582 
387.468620852145 	-0.288555933869962 
387.517643750050 	-0.284752252340273 
387.566656054875 	-0.283437919119234 
387.615657764771 	-0.284562608452563 
387.664648877888 	-0.287845301002513 
387.713629392379 	-0.292815883438697 
387.762599306393 	-0.298871890506195 
387.811558618081 	-0.305360827321720 
387.860507325594 	-0.311681240860216 
387.909445427083 	-0.317374676698034 
387.958372920699 	-0.322174209246255 
388.007289804592 	-0.325993897380006 
388.056196076914 	-0.328875899465466 
388.105091735814 	-0.330932912662829 
388.153976779444 	-0.332317948837849 
388.202851205955 	-0.333227969484573 
388.251715013497 	-0.333921886624005 
388.300568200222 	-0.334723345354863 
388.349410764279 	-0.335988447467755 
388.398242703820 	-0.338038874513325 
388.447064016996 	-0.341077498535395 
388.495874701957 	-0.345109074834835 
388.544674756854 	-0.349886261294085 
388.593464179838 	-0.354898111885764 
388.642242969060 	-0.359416080174367 
388.691011122670 	-0.362605576335476 
388.739768638820 	-0.363692257563440 
388.788515515659 	-0.362143964250155 
388.837251751340 	-0.357808355543152 
388.885977344012 	-0.350953442759599 
388.934692291827 	-0.342196703134416 
388.983396592935 	-0.332355666983995 
389.032090245487 	-0.322278640431507 
389.080773247634 	-0.312707076183965 
389.129445597526 	-0.304193946001725 
389.178107293315 	-0.297076075255448 
389.226758333151 	-0.291484795994120 
389.275398715185 	-0.287378419072580 
389.324028437568 	-0.284585698783388 
389.372647498451 	-0.282855337577182 
389.421255895984 	-0.281908894448583 
389.469853628318 	-0.281492599984082 
389.518440693604 	-0.281419816006838 
389.567017089993 	-0.281594275467080 
389.615582815635 	-0.282007903035894 
389.664137868682 	-0.282715334641197 
389.712682247284 	-0.283795808097880 
389.761215949592 	-0.285317095827763 
389.809738973756 	-0.287313880918232 
389.858251317928 	-0.289786172475837 
389.906752980258 	-0.292715134786053 
389.955243958898 	-0.296086879701596 
390.003724251997 	-0.299911595032945 
390.052193857707 	-0.304227106573977 
390.100652774178 	-0.309081994553401 
390.149100999562 	-0.314500879193768 
390.197538532009 	-0.320440271963985 
390.245965369669 	-0.326746078341936 
390.294381510695 	-0.333124508466789 
390.342786953235 	-0.339138340467674 
390.391181695442 	-0.344239733140906 
390.439565735466 	-0.347845761489342 
390.487939071458 	-0.349449774466904 
390.536301701568 	-0.348741981427710 
390.584653623948 	-0.345697132835477 
390.632994836747 	-0.340591001091085 
390.681325338118 	-0.333935268474579 
390.729645126211 	-0.326356947967920 
390.777954199176 	-0.318469277564815 
390.826252555164 	-0.310775193258785 
390.874540192327 	-0.303621763949840 
390.922817108814 	-0.297201601250822 
390.971083302778 	-0.291585090003935 
391.019338772367 	-0.286765096494486 
391.067583515734 	-0.282699196161187 
391.115817531030 	-0.279339935152229 
391.164040816403 	-0.276649562866278 
391.212253370007 	-0.274601072821433 
391.260455189991 	-0.273171115953451 
391.308646274507 	-0.272331542124644 
391.356826621704 	-0.272044993272845 
391.404996229734 	-0.272267081173581 
391.453155096748 	-0.272954494881355 
391.501303220897 	-0.274075920724971 
391.549440600330 	-0.275621456137581 
391.597567233200 	-0.277606359011634 
391.645683117656 	-0.280066264732824 
391.693788251850 	-0.283042953153802 
391.741882633933 	-0.286561908620132 
391.789966262054 	-0.290605000947047 
391.838039134365 	-0.295083674673236 
391.886101249018 	-0.299820103483677 
391.934152604162 	-0.304545399184603 
391.982193197948 	-0.308923598202748 
392.030223028527 	-0.312605447673112 
392.078242094050 	-0.315305727892045 
392.126250392668 	-0.316884821539012 
392.174247922531 	-0.317407266528091 
392.222234681791 	-0.317155043758497 
392.270210668598 	-0.316591325526798 
392.318175881103 	-0.316290878820263 
392.366130317456 	-0.316863631936596 
392.414073975809 	-0.318893860280967 
392.462006854312 	-0.322905013047593 
392.509928951116 	-0.329348313599247 
392.557840264372 	-0.338606963708364 
392.605740792231 	-0.351007060020832 
392.653630532843 	-0.366828769609041 
392.701509484359 	-0.386314588894642 
392.749377644930 	-0.409674186984927 
392.797235012707 	-0.437086556966237 
392.845081585841 	-0.468699157502972 
392.892917362482 	-0.504619620084645 
392.940742340781 	-0.544888218539145 
392.988556518889 	-0.589410004589905 
393.036359894957 	-0.637818397049660 
393.084152467136 	-0.689245250630547 
393.131934233575 	-0.741999831658642 
393.179705192427 	-0.793228310873725 
393.227465341842 	-0.838741334524096 
393.275214679971 	-0.873307766593657 
393.322953204964 	-0.891664899036524 
393.370680914972 	-0.890119355824709 
393.418397808147 	-0.868026124631941 
393.466103882638 	-0.828211604519287 
393.513799136597 	-0.776006497555485 
393.561483568175 	-0.717509251229232 
393.609157175521 	-0.658062488845896 
393.656819956788 	-0.601494633440528 
393.704471910126 	-0.550073086175438 
393.752113033685 	-0.504835082315987 
393.799743325617 	-0.466000776138478 
393.847362784072 	-0.433316561923477 
393.894971407201 	-0.406288537981432 
393.942569193154 	-0.384319483656099 
393.990156140084 	-0.366777247501020 
394.037732246139 	-0.353020250491296 
394.085297509472 	-0.342399992237550 
394.132851928233 	-0.334256101443396 
394.180395500572 	-0.327917228871859 
394.227928224642 	-0.322718964981271 
394.275450098591 	-0.318044889462559 
394.322961120572 	-0.313386663709133 
394.370461288734 	-0.308405841330638 
394.417950601229 	-0.302971536568231 
394.465429056208 	-0.297152965211237 
394.512896651821 	-0.291164649846828 
394.560353386219 	-0.285283608588352 
394.607799257553 	-0.279768116274426 
394.655234263974 	-0.274802177057714 
394.702658403632 	-0.270475524901874 
394.750071674678 	-0.266795316711295 
394.797474075264 	-0.263717492703076 
394.844865603539 	-0.261183104043269 
394.892246257655 	-0.259146449517934 
394.939616035762 	-0.257586783143422 
394.986974936012 	-0.256502451170202 
395.034322956555 	-0.255893225490650 
395.081660095541 	-0.255740617423664 
395.128986351122 	-0.255995719512973 
395.176301721448 	-0.256580212177629 
395.223606204671 	-0.257400360978613 
395.270899798940 	-0.258368227951372 
395.318182502407 	-0.259421112885968 
395.365454313223 	-0.260531142700385 
395.412715229538 	-0.261702024874513 
395.459965249503 	-0.262956908107226 
395.507204371270 	-0.264326345261835 
395.554432592987 	-0.265845687969033 
395.601649912808 	-0.267566585428269 
395.648856328881 	-0.269579793294516 
395.696051839359 	-0.272039853084206 
395.743236442392 	-0.275179833581859 
395.790410136130 	-0.279307639383576 
395.837572918725 	-0.284782408263566 
395.884724788327 	-0.291976063980088 
395.931865743087 	-0.301227963465807 
395.978995781156 	-0.312800027190176 
396.026114900684 	-0.326838761037615 
396.073223099823 	-0.343351968160816 
396.120320376724 	-0.362211336299948 
396.167406729536 	-0.383193222524819 
396.214482156411 	-0.406062937354274 
396.261546655499 	-0.430690454053245 
396.308600224952 	-0.457164749609942 
396.355642862920 	-0.485864061632879 
396.402674567554 	-0.517448622324974 
396.449695337005 	-0.552762861129234 
396.496705169424 	-0.592647595916080 
396.543704062960 	-0.637659534032107 
396.590692015766 	-0.687686224035444 
396.637669025992 	-0.741460356906199 
396.684635091788 	-0.796059231090221 
396.731590211306 	-0.846642629414372 
396.778534382697 	-0.886853761370585 
396.825467604110 	-0.910225423778791 
396.872389873697 	-0.912332560466629 
396.919301189609 	-0.892589188535121 
396.966201549996 	-0.854468512802555 
397.013090953010 	-0.803999005443184 
397.059969396801 	-0.747614779025600 
397.106836879519 	-0.690568247063939 
397.153693399316 	-0.636339334849524 
397.200538954343 	-0.586783617753876 
397.247373542750 	-0.542584556622090 
397.294197162687 	-0.503713063921691 
397.341009812307 	-0.469774844539952 
397.387811489759 	-0.440232661601568 
397.434602193195 	-0.414531315893440 
397.481381920764 	-0.392158963316303 
397.528150670619 	-0.372671930695099 
397.574908440910 	-0.355701292771682 
397.621655229786 	-0.340951689818361 
397.668391035401 	-0.328197141153613 
397.715115855903 	-0.317274964617025 
397.761829689445 	-0.308077159788174 
397.808532534176 	-0.300538556956745 
397.855224388247 	-0.294621843194017 
397.901905249810 	-0.290300540026170 
397.948575117015 	-0.287541668270949 
397.995233988013 	-0.286289946786556 
398.041881860954 	-0.286455146748401 
398.088518733990 	-0.287904009829350 
398.135144605271 	-0.290457933010139 
398.181759472949 	-0.293897304523923 
398.228363335173 	-0.297972658068902 
398.274956190095 	-0.302421496314063 
398.321538035865 	-0.306988120175944 
398.368108870634 	-0.311442811522920 
398.414668692553 	-0.315596940906334 
398.461217499774 	-0.319312158926982 
398.507755290445 	-0.322503875348642 
398.554282062719 	-0.325140530075200 
398.600797814747 	-0.327240050178503 
398.647302544678 	-0.328863706558491 
398.693796250664 	-0.330106592116659 
398.740278930855 	-0.331084206987029 
398.786750583403 	-0.331916203798659 
398.833211206458 	-0.332710318756840 
398.879660798171 	-0.333550555446571 
398.926099356693 	-0.334493014856331 
398.972526880174 	-0.335570493282491 
399.018943366765 	-0.336803970439059 
399.065348814618 	-0.338216585812419 
399.111743221882 	-0.339844711913170 
399.158126586709 	-0.341741746390404 
399.204498907250 	-0.343972801088425 
399.250860181655 	-0.346601434287298 
399.297210408075 	-0.349671713409186 
399.343549584660 	-0.353189599881504 
399.389877709562 	-0.357107238659049 
399.436194780932 	-0.361312958338176 
399.482500796920 	-0.365629319098563 
399.528795755677 	-0.369821512650746 
399.575079655354 	-0.373618071976017 
399.621352494101 	-0.376744249092339 
399.667614270070 	-0.378964861128718 
399.713864981411 	-0.380128608478900 
399.760104626274 	-0.380202351399798 
399.806333202812 	-0.379284509843812 
399.852550709174 	-0.377592832098533 
399.898757143511 	-0.375430759994977 
399.944952503975 	-0.373143705900225 
399.991136788715 	-0.371078064367099 
400.037309995884 	-0.369551535119717 
400.083472123630 	-0.368836400262978 
400.129623170106 	-0.369151325995069 
400.175763133462 	-0.370654377588416 
400.221892011849 	-0.373430574540039 
400.268009803418 	-0.377470825531425 
400.314116506319 	-0.382644364690337 
400.360212118703 	-0.388672947126112 
400.406296638722 	-0.395120781929540 
400.452370064525 	-0.401416859219106 
400.498432394264 	-0.406921925467349 
400.544483626089 	-0.411037299793260 
400.590523758151 	-0.413329975696912 
400.636552788602 	-0.413630677934721 
400.682570715591 	-0.412064698538185 
400.728577537270 	-0.409003018372546 
400.774573251789 	-0.404956737153277 
400.820557857300 	-0.400457993126136 
400.866531351952 	-0.395965722284012 
400.912493733897 	-0.391814510450758 
400.958445001286 	-0.388204799391583 
401.004385152269 	-0.385221711779202 
401.050314184997 	-0.382867625764724 
401.096232097621 	-0.381096554477291 
401.142138888291 	-0.379842877656951 
401.188034555160 	-0.379041079054600 
401.233919096376 	-0.378636235376450 
401.279792510092 	-0.378586746623839 
401.325654794457 	-0.378861386819158 
401.371505947623 	-0.379432557246200 
401.417345967741 	-0.380267342435636 
401.463174852961 	-0.381318084966275 
401.508992601434 	-0.382514800723973 
401.554799211310 	-0.383762415825773 
401.600594680742 	-0.384945676281289 
401.646379007878 	-0.385943049662631 
401.692152190871 	-0.386647899945932 
401.737914227871 	-0.386991710483148 
401.783665117029 	-0.386961905585308 
401.829404856496 	-0.386607582839369 
401.875133444421 	-0.386030372486895 
401.920850878957 	-0.385363021839730 
401.966557158254 	-0.384742417758037 
402.012252280463 	-0.384284723383216 
402.057936243734 	-0.384068177709010 
402.103609046218 	-0.384125469324870 
402.149270686067 	-0.384444379679799 
402.194921161430 	-0.384973822580150 
402.240560470460 	-0.385632738344642 
402.286188611305 	-0.386320834482816 
402.331805582118 	-0.386931797969998 
402.377411381049 	-0.387370161378680 
402.423006006249 	-0.387571874551195 
402.468589455869 	-0.387526116354370 
402.514161728059 	-0.387293315558509 
402.559722820971 	-0.387013360704752 
402.605272732754 	-0.386899566962936 
402.650811461560 	-0.387217659541457 
402.696339005540 	-0.388253012155729 
402.741855362844 	-0.390271786187533 
402.787360531624 	-0.393481701395231 
402.832854510029 	-0.397996740516582 
402.878337296212 	-0.403808542667214 
402.923808888321 	-0.410766903469112 
402.969269284510 	-0.418572544203134 
403.014718482927 	-0.426786441981623 
403.060156481724 	-0.434859617046353 
403.105583279052 	-0.442184313920617 
403.150998873062 	-0.448161783184221 
403.196403261904 	-0.452275781602361 
403.241796443729 	-0.454157397770949 
403.287178416688 	-0.453628516180243 
403.332549178932 	-0.450717166675585 
403.377908728611 	-0.445645284837715 
403.423257063877 	-0.438794596261717 
403.468594182879 	-0.430658505093471 
403.513920083770 	-0.421787761128732 
403.559234764699 	-0.412736903483334 
403.604538223817 	-0.404017249159643 
403.649830459276 	-0.396060720380553 
403.695111469226 	-0.389196717705805 
403.740381251818 	-0.383642339645848 
403.785639805202 	-0.379504898936016 
403.830887127530 	-0.376795374972202 
403.876123216952 	-0.375451529164300 
403.921348071619 	-0.375369271697484 
403.966561689682 	-0.376439438877460 
404.011764069291 	-0.378584648016060 
404.056955208598 	-0.381788104019179 
404.102135105753 	-0.386105134838066 
404.147303758906 	-0.391649964247001 
404.192461166210 	-0.398554642614520 
404.237607325814 	-0.406902414707505 
404.282742235869 	-0.416643027119871 
404.327865894527 	-0.427503111303033 
404.372978299938 	-0.438913533421600 
404.418079450252 	-0.449986957530654 
404.463169343620 	-0.459585809309734 
404.508247978194 	-0.466506408197790 
404.553315352124 	-0.469756437699959 
404.598371463561 	-0.468834946137545 
404.643416310656 	-0.463889227902975 
404.688449891559 	-0.455669230585620 
404.733472204421 	-0.445306832288281 
404.778483247394 	-0.434031468507763 
404.823483018627 	-0.422936451212785 
404.868471516272 	-0.412851430318072 
404.913448738479 	-0.404314081181793 
404.958414683399 	-0.397603745717577 
405.003369349184 	-0.392799459613909 
405.048312733983 	-0.389838197733401 
405.093244835948 	-0.388562680888894 
405.138165653229 	-0.388757148177719 
405.183075183977 	-0.390173677975166 
405.227973426344 	-0.392552572858304 
405.272860378479 	-0.395639285362147 
405.317736038533 	-0.399198476779790 
405.362600404658 	-0.403024042412142 
405.407453475004 	-0.406943106760142 
405.452295247722 	-0.410812687791527 
405.497125720963 	-0.414509823500155 
405.541944892877 	-0.417918854790151 
405.586752761615 	-0.420921905969167 
405.631549325329 	-0.423399300136921 
405.676334582168 	-0.425244463852555 
405.721108530284 	-0.426392908120051 
405.765871167828 	-0.426858135354328 
405.810622492949 	-0.426761789697451 
405.855362503800 	-0.426344311723285 
405.900091198531 	-0.425947334880619 
405.944808575292 	-0.425968224269743 
405.989514632235 	-0.426795597648565 
406.034209367510 	-0.428738661515499 
406.078892779267 	-0.431962211416064 
406.123564865659 	-0.436436438071566 
406.168225624835 	-0.441909622864527 
406.212875054947 	-0.447913098555457 
406.257513154145 	-0.453808392274107 
406.302139920579 	-0.458880596668041 
406.346755352402 	-0.462466775536503 
406.391359447763 	-0.464088257680046 
406.435952204813 	-0.463544652258992 
406.480533621704 	-0.460937619201047 
406.525103696585 	-0.456621719288148 
406.569662427608 	-0.451109678961705 
406.614209812924 	-0.444971225332614 
406.658745850683 	-0.438754935126793 
406.703270539036 	-0.432942495734674 
406.747783876133 	-0.427928419365388 
406.792285860127 	-0.424011695443581 
406.836776489167 	-0.421388232558086 
406.881255761404 	-0.420139466601143 
406.925723674989 	-0.420219476802058 
406.970180228073 	-0.421448270666053 
407.014625418807 	-0.423521520852078 
407.059059245341 	-0.426046146725180 
407.103481705826 	-0.428604773542874 
407.147892798414 	-0.430840461847562 
407.192292521254 	-0.432539669271969 
407.236680872497 	-0.433684760482270 
407.281057850295 	-0.434454396746416 
407.325423452798 	-0.435169285934387 
407.369777678158 	-0.436200995863838 
407.414120524523 	-0.437871151515577 
407.458451990047 	-0.440365067385637 
407.502772072879 	-0.443674120300332 
407.547080771169 	-0.447573380902686 
407.591378083070 	-0.451637963581450 
407.635664006732 	-0.455300525541066 
407.679938540305 	-0.457947692615638 
407.724201681940 	-0.459041999110271 
407.768453429788 	-0.458241517896234 
407.812693782001 	-0.455481673786450 
407.856922736727 	-0.450991815526507 
407.901140292120 	-0.445242386321905 
407.945346446328 	-0.438844050383304 
407.989541197504 	-0.432433208247239 
408.033724543797 	-0.426574038220605 
408.077896483360 	-0.421692373292300 
408.122057014341 	-0.418042106278188 
408.166206134893 	-0.415696914354010 
408.210343843165 	-0.414559308158323 
408.254470137310 	-0.414382445386418 
408.298585015477 	-0.414804110247467 
408.342688475817 	-0.415394040027397 
408.386780516482 	-0.415713930421174 
408.430861135621 	-0.415384231461875 
408.474930331387 	-0.414145828831708 
408.518988101929 	-0.411901774711488 
408.563034445398 	-0.408727593644441 
408.607069359945 	-0.404847800044093 
408.651092843721 	-0.400586842696054 
408.695104894877 	-0.396309282977329 
408.739105511563 	-0.392364068286021 
408.783094691931 	-0.389042767928099 
408.827072434131 	-0.386555193815865 
