;
; High resolution cross section file : C:/Users/admin/Desktop/1018/solar.txt
; Calibration file : C:/Users/admin/Desktop/1018/SN1804011U1/Hg_U0008499_calibrated_solar.clb
; Shift applied : 0 nm
; Convolution type : Standard convolution
; Slit function type : Gaussian (FTS) 
; Gaussian FWHM : 0.536
;
; Columns description :
; Column 1 : calibration;
; Column 2 : convoluted cross section;
;
2.97491864652239e+002 9.60627583491207e+013
2.97555376277378e+002 1.00490248587186e+014
2.97618880245981e+002 1.03906691506683e+014
2.97682376556197e+002 1.05808201153904e+014
2.97745865206179e+002 1.05850945576980e+014
2.97809346194076e+002 1.03926235072982e+014
2.97872819518039e+002 1.00186145465212e+014
2.97936285176219e+002 9.50111023714310e+013
2.97999743166768e+002 8.89299258209288e+013
2.98063193487835e+002 8.25197726946675e+013
2.98126636137571e+002 7.63184072490817e+013
2.98190071114128e+002 7.07710309415891e+013
2.98253498415656e+002 6.62148809805372e+013
2.98316918040306e+002 6.28883316661818e+013
2.98380329986229e+002 6.09457156318762e+013
2.98443734251575e+002 6.04648656206814e+013
2.98507130834496e+002 6.14448429539468e+013
2.98570519733141e+002 6.37983847467625e+013
2.98633900945662e+002 6.73440953189655e+013
2.98697274470210e+002 7.18008269872631e+013
2.98760640304936e+002 7.67869592101998e+013
2.98823998447989e+002 8.18320242153702e+013
2.98887348897522e+002 8.64122706241951e+013
2.98950691651684e+002 9.00180995218422e+013
2.99014026708628e+002 9.22479523202054e+013
2.99077354066502e+002 9.29062881405595e+013
2.99140673723459e+002 9.20726074330004e+013
2.99203985677648e+002 9.01103675718021e+013
2.99267289927222e+002 8.75989032834183e+013
2.99330586470330e+002 8.51937804750758e+013
2.99393875305123e+002 8.34461045960041e+013
2.99457156429753e+002 8.26326876472243e+013
2.99520429842369e+002 8.26572922324502e+013
2.99583695541123e+002 8.30689766868472e+013
2.99646953524166e+002 8.32052037745180e+013
2.99710203789648e+002 8.24175786041168e+013
2.99773446335720e+002 8.03004147613414e+013
2.99836681160533e+002 7.68379283954047e+013
2.99899908262238e+002 7.24190116085153e+013
2.99963127638985e+002 6.77226891250554e+013
3.00026339288925e+002 6.35249347605051e+013
3.00089543210210e+002 6.04967848019766e+013
3.00152739400989e+002 5.90514501679853e+013
3.00215927859414e+002 5.92690342578110e+013
3.00279108583636e+002 6.09013446513437e+013
3.00342281571804e+002 6.34461713544904e+013
3.00405446822071e+002 6.62756629512297e+013
3.00468604332587e+002 6.87960917795780e+013
3.00531754101502e+002 7.06026768553999e+013
3.00594896126967e+002 7.15825127298949e+013
3.00658030407134e+002 7.19256379095269e+013
3.00721156940153e+002 7.20344146609140e+013
3.00784275724174e+002 7.23634531280493e+013
3.00847386757349e+002 7.32536698862911e+013
3.00910490037829e+002 7.48258177655269e+013
3.00973585563763e+002 7.69685701523692e+013
3.01036673333304e+002 7.94104430552259e+013
3.01099753344601e+002 8.18287566066358e+013
3.01162825595805e+002 8.39409639838893e+013
3.01225890085069e+002 8.55448730783660e+013
3.01288946810541e+002 8.65083926279060e+013
3.01351995770373e+002 8.67353328721429e+013
3.01415036962715e+002 8.61391036599410e+013
3.01478070385720e+002 8.46433983131816e+013
3.01541096037536e+002 8.22102033960338e+013
3.01604113916316e+002 7.88821447863472e+013
3.01667124020209e+002 7.48222136432903e+013
3.01730126347367e+002 7.03361954736296e+013
3.01793120895941e+002 6.58666626421283e+013
3.01856107664080e+002 6.19502790639791e+013
3.01919086649937e+002 5.91351763082134e+013
3.01982057851662e+002 5.78667770564141e+013
3.02045021267405e+002 5.83689648506170e+013
3.02107976895317e+002 6.05643782053436e+013
3.02170924733550e+002 6.40781188526533e+013
3.02233864780254e+002 6.83430286857832e+013
3.02296797033579e+002 7.27779981397095e+013
3.02359721491677e+002 7.69677488251042e+013
3.02422638152699e+002 8.07620827596800e+013
3.02485547014794e+002 8.42478366319515e+013
3.02548448076115e+002 8.76123007422693e+013
3.02611341334811e+002 9.09756942386082e+013
3.02674226789034e+002 9.42863427875626e+013
3.02737104436934e+002 9.73343630998336e+013
3.02799974276662e+002 9.98700459625144e+013
3.02862836306369e+002 1.01753398312549e+014
3.02925690524206e+002 1.03046374291705e+014
3.02988536928323e+002 1.03995337892599e+014
3.03051375516872e+002 1.04913881333139e+014
3.03114206288002e+002 1.06027744782726e+014
3.03177029239866e+002 1.07357671667240e+014
3.03239844370613e+002 1.08691054838363e+014
3.03302651678394e+002 1.09648954019926e+014
3.03365451161361e+002 1.09816802767630e+014
3.03428242817664e+002 1.08889481029750e+014
3.03491026645453e+002 1.06783538472680e+014
3.03553802642880e+002 1.03682418112721e+014
3.03616570808096e+002 9.99989482357106e+013
3.03679331139251e+002 9.62635249804030e+013
3.03742083634495e+002 9.29747471013720e+013
3.03804828291981e+002 9.04702133641806e+013
3.03867565109858e+002 8.88714893191737e+013
3.03930294086278e+002 8.81222272127034e+013
3.03993015219390e+002 8.80879857062790e+013
3.04055728507347e+002 8.86522657955526e+013
3.04118433948298e+002 8.97498697736642e+013
3.04181131540395e+002 9.13229524624481e+013
3.04243821281788e+002 9.32379703985436e+013
3.04306503170628e+002 9.52290311138518e+013
3.04369177205066e+002 9.69191822803173e+013
3.04431843383253e+002 9.79263426580455e+013
3.04494501703339e+002 9.80116878748552e+013
3.04557152163475e+002 9.72012445139977e+013
3.04619794761813e+002 9.58187844462992e+013
3.04682429496502e+002 9.44056408722389e+013
3.04745056365694e+002 9.35528278259946e+013
3.04807675367540e+002 9.37090794118402e+013
3.04870286500190e+002 9.50367765487471e+013
3.04932889761794e+002 9.73636640811203e+013
3.04995485150505e+002 1.00236993826150e+014
3.05058072664472e+002 1.03050469085024e+014
3.05120652301847e+002 1.05197297568561e+014
3.05183224060779e+002 1.06204363684733e+014
3.05245787939421e+002 1.05814923970224e+014
3.05308343935923e+002 1.04005095632029e+014
3.05370892048435e+002 1.00941713869824e+014
3.05433432275108e+002 9.69113829609124e+013
3.05495964614094e+002 9.22606317703506e+013
3.05558489063542e+002 8.73739596901116e+013
3.05621005621604e+002 8.26838794026681e+013
3.05683514286431e+002 7.86761508945512e+013
3.05746015056173e+002 7.58484625804486e+013
3.05808507928981e+002 7.46089317312873e+013
3.05870992903006e+002 7.51447907484183e+013
3.05933469976399e+002 7.73220291802628e+013
3.05995939147310e+002 8.06730129855931e+013
3.06058400413891e+002 8.44925391122098e+013
3.06120853774291e+002 8.80140382611572e+013
3.06183299226663e+002 9.06028509587358e+013
3.06245736769156e+002 9.18994256419132e+013
3.06308166399921e+002 9.18715558578667e+013
3.06370588117110e+002 9.07754647957112e+013
3.06433001918873e+002 8.90585082501963e+013
3.06495407803360e+002 8.72459830215619e+013
3.06557805768723e+002 8.58411871840859e+013
3.06620195813113e+002 8.52463988240766e+013
3.06682577934680e+002 8.57009001291964e+013
3.06744952131574e+002 8.72373877272429e+013
3.06807318401948e+002 8.96706254415763e+013
3.06869676743951e+002 9.26351953826257e+013
3.06932027155734e+002 9.56740107859020e+013
3.06994369635449e+002 9.83539361557996e+013
3.07056704181245e+002 1.00367895125531e+014
3.07119030791274e+002 1.01587902489649e+014
3.07181349463687e+002 1.02058156925476e+014
3.07243660196634e+002 1.01945141109084e+014
3.07305962988266e+002 1.01475033210811e+014
3.07368257836734e+002 1.00882060156081e+014
3.07430544740189e+002 1.00373997977500e+014
3.07492823696781e+002 1.00108005515728e+014
3.07555094704661e+002 1.00169617876780e+014
3.07617357761981e+002 1.00556189700506e+014
3.07679612866890e+002 1.01173256761199e+014
3.07741860017540e+002 1.01851905723569e+014
3.07804099212082e+002 1.02389000055014e+014
3.07866330448665e+002 1.02604870790557e+014
3.07928553725442e+002 1.02406683389170e+014
3.07990769040562e+002 1.01839160281403e+014
3.08052976392177e+002 1.01099490346640e+014
3.08115175778438e+002 1.00496970191626e+014
3.08177367197495e+002 1.00356065073208e+014
3.08239550647498e+002 1.00890121921588e+014
3.08301726126600e+002 1.02096331824666e+014
3.08363893632950e+002 1.03723170506406e+014
3.08426053164699e+002 1.05333468312154e+014
3.08488204719998e+002 1.06441609561204e+014
3.08550348296999e+002 1.06666472210046e+014
3.08612483893851e+002 1.05834237513755e+014
3.08674611508706e+002 1.03992244601549e+014
3.08736731139714e+002 1.01341523686214e+014
3.08798842785026e+002 9.81349826611884e+013
3.08860946442793e+002 9.45986734414261e+013
3.08923042111165e+002 9.09112009962840e+013
3.08985129788294e+002 8.72365096009440e+013
3.09047209472331e+002 8.37722247362613e+013
3.09109281161425e+002 8.07678288898764e+013
3.09171344853728e+002 7.84870225235240e+013
3.09233400547391e+002 7.71240853561273e+013
3.09295448240565e+002 7.67147464949702e+013
3.09357487931399e+002 7.70906513865738e+013
3.09419519618046e+002 7.79072915016582e+013
3.09481543298655e+002 7.87381881113226e+013
3.09543558971378e+002 7.91947071618579e+013
3.09605566634366e+002 7.90217838423283e+013
3.09667566285768e+002 7.81403077927683e+013
3.09729557923737e+002 7.66413095821720e+013
3.09791541546422e+002 7.47595323300438e+013
3.09853517151975e+002 7.28488354608874e+013
3.09915484738546e+002 7.13568664360620e+013
3.09977444304287e+002 7.07763510401716e+013
3.10039395847347e+002 7.15559340647128e+013
3.10101339365878e+002 7.39833752541137e+013
3.10163274858031e+002 7.80853708511780e+013
3.10225202321955e+002 8.35954046422373e+013
3.10287121755803e+002 9.00148057349499e+013
3.10349033157725e+002 9.67471797063959e+013
3.10410936525872e+002 1.03250128990127e+014
3.10472831858394e+002 1.09142397104179e+014
3.10534719153442e+002 1.14231626802041e+014
3.10596598409168e+002 1.18470568301254e+014
3.10658469623721e+002 1.21882689879580e+014
3.10720332795253e+002 1.24504277730196e+014
3.10782187921914e+002 1.26369086844577e+014
3.10844035001855e+002 1.27529074201509e+014
3.10905874033228e+002 1.28081575010702e+014
3.10967705014182e+002 1.28172603544922e+014
3.11029527942869e+002 1.27965673902156e+014
3.11091342817439e+002 1.27590743647760e+014
3.11153149636044e+002 1.27101480856300e+014
3.11214948396833e+002 1.26463328090608e+014
3.11276739097959e+002 1.25575997781727e+014
3.11338521737570e+002 1.24316411494238e+014
3.11400296313820e+002 1.22582631330809e+014
3.11462062824857e+002 1.20325983138766e+014
3.11523821268833e+002 1.17568588595947e+014
3.11585571643899e+002 1.14408563142696e+014
3.11647313948206e+002 1.11014223870299e+014
3.11709048179903e+002 1.07606908593469e+014
3.11770774337143e+002 1.04433665818721e+014
3.11832492418076e+002 1.01734897984102e+014
3.11894202420852e+002 9.97135164124322e+013
3.11955904343623e+002 9.85092989130672e+013
3.12017598184540e+002 9.81781364674092e+013
3.12079283941752e+002 9.86758380986337e+013
3.12140961613411e+002 9.98513967322142e+013
3.12202631197668e+002 1.01460134902218e+014
3.12264292692673e+002 1.03205390872889e+014
3.12325946096577e+002 1.04805214309801e+014
3.12387591407532e+002 1.06063639896601e+014
3.12449228623687e+002 1.06916508940270e+014
3.12510857743194e+002 1.07428983301187e+014
3.12572478764203e+002 1.07744361388171e+014
3.12634091684865e+002 1.08008557671148e+014
3.12695696503332e+002 1.08305964309465e+014
3.12757293217753e+002 1.08633621628993e+014
3.12818881826279e+002 1.08918545445586e+014
3.12880462327062e+002 1.09062268565796e+014
3.12942034718253e+002 1.08988504815096e+014
3.13003598998001e+002 1.08675572318033e+014
3.13065155164458e+002 1.08167503610197e+014
3.13126703215774e+002 1.07567768611369e+014
3.13188243150101e+002 1.07022876059063e+014
3.13249774965588e+002 1.06701112950240e+014
3.13311298660388e+002 1.06768446772683e+014
3.13372814232650e+002 1.07362352371733e+014
3.13434321680526e+002 1.08565474337217e+014
3.13495821002166e+002 1.10382963120960e+014
3.13557312195721e+002 1.12728248748843e+014
3.13618795259342e+002 1.15421254630485e+014
3.13680270191180e+002 1.18200814931301e+014
3.13741736989385e+002 1.20749825387009e+014
3.13803195652108e+002 1.22728406203315e+014
3.13864646177501e+002 1.23809081678954e+014
3.13926088563713e+002 1.23710655894397e+014
3.13987522808895e+002 1.22233172173533e+014
3.14048948911199e+002 1.19299759509296e+014
3.14110366868776e+002 1.15005905512935e+014
3.14171776679775e+002 1.09662281691148e+014
3.14233178342348e+002 1.03803081103788e+014
3.14294571854645e+002 9.81321348844142e+013
3.14355957214818e+002 9.34009207979559e+013
3.14417334421017e+002 9.02470518805677e+013
3.14478703471393e+002 8.90478026435625e+013
3.14540064364097e+002 8.98423882263758e+013
3.14601417097279e+002 9.23479419308723e+013
3.14662761669091e+002 9.60547830696607e+013
3.14724098077682e+002 1.00359318124812e+014
3.14785426321205e+002 1.04689549829702e+014
3.14846746397809e+002 1.08593570468782e+014
3.14908058305646e+002 1.11781339749371e+014
3.14969362042866e+002 1.14123671226989e+014
3.15030657607620e+002 1.15618349929521e+014
3.15091944998058e+002 1.16336109200657e+014
3.15153224212333e+002 1.16361788096795e+014
3.15214495248594e+002 1.15747024814516e+014
3.15275758104992e+002 1.14487611035219e+014
3.15337012779678e+002 1.12531058353888e+014
3.15398259270803e+002 1.09810932736914e+014
3.15459497576518e+002 1.06297228279230e+014
3.15520727694972e+002 1.02047677095846e+014
3.15581949624319e+002 9.72434646189152e+013
3.15643163362707e+002 9.21951061260201e+013
3.15704368908288e+002 8.73116045701383e+013
3.15765566259212e+002 8.30378340357475e+013
3.15826755413631e+002 7.97769150527259e+013
3.15887936369695e+002 7.78198412054900e+013
3.15949109125554e+002 7.73004679543557e+013
3.16010273679361e+002 7.81831017763334e+013
3.16071430029265e+002 8.02794318762843e+013
3.16132578173417e+002 8.32868498174654e+013
3.16193718109969e+002 8.68408093173151e+013
3.16254849837070e+002 9.05748757867999e+013
3.16315973352872e+002 9.41799042050299e+013
3.16377088655526e+002 9.74501941954970e+013
3.16438195743182e+002 1.00304953693286e+014
3.16499294613990e+002 1.02780947874622e+014
3.16560385266103e+002 1.05003189692032e+014
3.16621467697670e+002 1.07147074520153e+014
3.16682541906843e+002 1.09402519065041e+014
3.16743607891772e+002 1.11941567645039e+014
3.16804665650608e+002 1.14884627278060e+014
3.16865715181502e+002 1.18263855587211e+014
3.16926756482604e+002 1.21993165848819e+014
3.16987789552066e+002 1.25862759270114e+014
3.17048814388038e+002 1.29572296495300e+014
3.17109830988671e+002 1.32799906838235e+014
3.17170839352115e+002 1.35283706789785e+014
3.17231839476523e+002 1.36881634689777e+014
3.17292831360043e+002 1.37582144301665e+014
3.17353815000828e+002 1.37460371243325e+014
3.17414790397028e+002 1.36601055259349e+014
3.17475757546793e+002 1.35027417869716e+014
3.17536716448275e+002 1.32674736937516e+014
3.17597667099624e+002 1.29427194595731e+014
3.17658609498991e+002 1.25205186087096e+014
3.17719543644527e+002 1.20063083615346e+014
3.17780469534383e+002 1.14249296696061e+014
3.17841387166710e+002 1.08196747760324e+014
3.17902296539657e+002 1.02444262430722e+014
3.17963197651377e+002 9.75202607077394e+013
3.18024090500019e+002 9.38335402171672e+013
3.18084975083735e+002 9.16071297848638e+013
3.18145851400676e+002 9.08682635415614e+013
3.18206719448992e+002 9.14845484981871e+013
3.18267579226834e+002 9.32239600609054e+013
3.18328430732352e+002 9.58163278573941e+013
3.18389273963698e+002 9.90012754165090e+013
3.18450108919023e+002 1.02555392837520e+014
3.18510935596477e+002 1.06296355484357e+014
3.18571753994210e+002 1.10064985031095e+014
3.18632564110375e+002 1.13691234745827e+014
3.18693365943121e+002 1.16958076225217e+014
3.18754159490599e+002 1.19584747589474e+014
3.18814944750961e+002 1.21250607267675e+014
3.18875721722356e+002 1.21667383114973e+014
3.18936490402936e+002 1.20683171480208e+014
3.18997250790852e+002 1.18377886572955e+014
3.19058002884254e+002 1.15102476810127e+014
3.19118746681293e+002 1.11431836277592e+014
3.19179482180120e+002 1.08038176803583e+014
3.19240209378886e+002 1.05528968164866e+014
3.19300928275741e+002 1.04310522716908e+014
3.19361638868836e+002 1.04524959877196e+014
3.19422341156323e+002 1.06072186962837e+014
3.19483035136351e+002 1.08690287262803e+014
3.19543720807072e+002 1.12048360936287e+014
3.19604398166636e+002 1.15814046649909e+014
3.19665067213195e+002 1.19684942188431e+014
3.19725727944898e+002 1.23399195019201e+014
3.19786380359898e+002 1.26748509635074e+014
3.19847024456344e+002 1.29603865837921e+014
3.19907660232387e+002 1.31943019991958e+014
3.19968287686179e+002 1.33857218396365e+014
3.20028906815869e+002 1.35521671634887e+014
3.20089517619609e+002 1.37134397695785e+014
3.20150120095550e+002 1.38846057282766e+014
3.20210714241842e+002 1.40707502649544e+014
3.20271300056637e+002 1.42651257216807e+014
3.20331877538084e+002 1.44506803515718e+014
3.20392446684335e+002 1.46037555640165e+014
3.20453007493540e+002 1.46984575416364e+014
3.20513559963851e+002 1.47106792149750e+014
3.20574104093418e+002 1.46214507184326e+014
3.20634639880392e+002 1.44197318588545e+014
3.20695167322923e+002 1.41047077276978e+014
3.20755686419163e+002 1.36872571234812e+014
3.20816197167262e+002 1.31899434410060e+014
3.20876699565371e+002 1.26450073254042e+014
3.20937193611641e+002 1.20904626421962e+014
3.20997679304223e+002 1.15651601766350e+014
3.21058156641267e+002 1.11040965477342e+014
3.21118625620925e+002 1.07350475017620e+014
3.21179086241346e+002 1.04769425796615e+014
3.21239538500682e+002 1.03397001984000e+014
3.21299982397084e+002 1.03249018852681e+014
3.21360417928702e+002 1.04267934715816e+014
3.21420845093687e+002 1.06334145458122e+014
3.21481263890191e+002 1.09278218738435e+014
3.21541674316363e+002 1.12892534234185e+014
3.21602076370354e+002 1.16939058558213e+014
3.21662470050316e+002 1.21151474092334e+014
3.21722855354399e+002 1.25235649503608e+014
3.21783232280754e+002 1.28878591459917e+014
3.21843600827532e+002 1.31776235312690e+014
3.21903960992883e+002 1.33681512412405e+014
3.21964312774959e+002 1.34459680422835e+014
3.22024656171909e+002 1.34126841245968e+014
3.22084991181886e+002 1.32848445730111e+014
3.22145317803039e+002 1.30889683023041e+014
3.22205636033520e+002 1.28532615262796e+014
3.22265945871479e+002 1.25993399787542e+014
3.22326247315067e+002 1.23375454547855e+014
3.22386540362434e+002 1.20677934216531e+014
3.22446825011733e+002 1.17851966689862e+014
3.22507101261113e+002 1.14875163170727e+014
3.22567369108725e+002 1.11809879404228e+014
3.22627628552720e+002 1.08822916168956e+014
3.22687879591249e+002 1.06163534406390e+014
3.22748122222462e+002 1.04110968408751e+014
3.22808356444511e+002 1.02907490265358e+014
3.22868582255546e+002 1.02692382613610e+014
3.22928799653718e+002 1.03451762945963e+014
3.22989008637178e+002 1.04999966812689e+014
3.23049209204076e+002 1.07005384772769e+014
3.23109401352564e+002 1.09062534555665e+014
3.23169585080792e+002 1.10794291476990e+014
3.23229760386911e+002 1.11952286021415e+014
3.23289927269071e+002 1.12479787663261e+014
3.23350085725424e+002 1.12514234849712e+014
3.23410235754120e+002 1.12330582583961e+014
3.23470377353311e+002 1.12249768496595e+014
3.23530510521146e+002 1.12547502259517e+014
3.23590635255777e+002 1.13393168845641e+014
3.23650751555354e+002 1.14831566168923e+014
3.23710859418029e+002 1.16801191707804e+014
3.23770958841952e+002 1.19170918428152e+014
3.23831049825273e+002 1.21776318283295e+014
3.23891132366144e+002 1.24445565612324e+014
3.23951206462716e+002 1.27016086515329e+014
3.24011272113139e+002 1.29349288007503e+014
3.24071329315564e+002 1.31347899980233e+014
3.24131378068141e+002 1.32971486636245e+014
3.24191418369022e+002 1.34238576992985e+014
3.24251450216358e+002 1.35206111685415e+014
3.24311473608299e+002 1.35929239933769e+014
3.24371488542996e+002 1.36419400530227e+014
3.24431495018599e+002 1.36625137603770e+014
3.24491493033260e+002 1.36451715674738e+014
3.24551482585130e+002 1.35815397748137e+014
3.24611463672358e+002 1.34707692939138e+014
3.24671436293097e+002 1.33236754661804e+014
3.24731400445496e+002 1.31623188721937e+014
3.24791356127707e+002 1.30150482338375e+014
3.24851303337879e+002 1.29092832432631e+014
3.24911242074166e+002 1.28652631920532e+014
3.24971172334716e+002 1.28932012996256e+014
3.25031094117680e+002 1.29943679460104e+014
3.25091007421210e+002 1.31647188633144e+014
3.25150912243457e+002 1.33987319049427e+014
3.25210808582570e+002 1.36914219334921e+014
3.25270696436701e+002 1.40377482509714e+014
3.25330575804001e+002 1.44301502548905e+014
3.25390446682621e+002 1.48560228263269e+014
3.25450309070710e+002 1.52970312963339e+014
3.25510162966421e+002 1.57311580900154e+014
3.25570008367903e+002 1.61367685825365e+014
3.25629845273308e+002 1.64967326690488e+014
3.25689673680786e+002 1.68005741471773e+014
3.25749493588489e+002 1.70438256920730e+014
3.25809304994566e+002 1.72254370318912e+014
3.25869107897170e+002 1.73450907443755e+014
3.25928902294449e+002 1.74020296959693e+014
3.25988688184556e+002 1.73958467621224e+014
3.26048465565642e+002 1.73285572516540e+014
3.26108234435856e+002 1.72068581099330e+014
3.26167994793350e+002 1.70437289190944e+014
3.26227746636274e+002 1.68588872693097e+014
3.26287489962780e+002 1.66776718560158e+014
3.26347224771018e+002 1.65278768978607e+014
3.26406951059138e+002 1.64344403687270e+014
3.26466668825293e+002 1.64129239587153e+014
3.26526378067631e+002 1.64639179055623e+014
3.26586078784305e+002 1.65709293479393e+014
3.26645770973466e+002 1.67033791267733e+014
3.26705454633263e+002 1.68243451299653e+014
3.26765129761847e+002 1.69006854237356e+014
3.26824796357370e+002 1.69121855591172e+014
3.26884454417982e+002 1.68567802179696e+014
3.26944103941835e+002 1.67503370931611e+014
3.27003744927078e+002 1.66212654920008e+014
3.27063377371862e+002 1.65017364191140e+014
3.27123001274339e+002 1.64182313340445e+014
3.27182616632660e+002 1.63842799012279e+014
3.27242223444974e+002 1.63975197267581e+014
3.27301821709433e+002 1.64417605102966e+014
3.27361411424187e+002 1.64930364441070e+014
3.27420992587388e+002 1.65273487267003e+014
3.27480565197186e+002 1.65274482510517e+014
3.27540129251732e+002 1.64866643605049e+014
3.27599684749176e+002 1.64090738335143e+014
3.27659231687670e+002 1.63066303374415e+014
3.27718770065365e+002 1.61947267387247e+014
3.27778299880410e+002 1.60878173419603e+014
3.27837821130958e+002 1.59962885292981e+014
3.27897333815158e+002 1.59250499944445e+014
3.27956837931161e+002 1.58736556056645e+014
3.28016333477119e+002 1.58373515648871e+014
3.28075820451182e+002 1.58083503124860e+014
3.28135298851500e+002 1.57768446099551e+014
3.28194768676226e+002 1.57317663069011e+014
3.28254229923508e+002 1.56618683169465e+014
3.28313682591499e+002 1.55579716644859e+014
3.28373126678349e+002 1.54167715728070e+014
3.28432562182209e+002 1.52454246260203e+014
3.28491989101229e+002 1.50648469897266e+014
3.28551407433561e+002 1.49092025614367e+014
3.28610817177355e+002 1.48201037506613e+014
3.28670218330761e+002 1.48363521775073e+014
3.28729610891932e+002 1.49824786633652e+014
3.28788994859017e+002 1.52604981986385e+014
3.28848370230168e+002 1.56483664300762e+014
3.28907737003534e+002 1.61059257768073e+014
3.28967095177268e+002 1.65859712538789e+014
3.29026444749519e+002 1.70460392092183e+014
3.29085785718439e+002 1.74566196249716e+014
3.29145118082178e+002 1.78035623146824e+014
3.29204441838887e+002 1.80852927908591e+014
3.29263756986717e+002 1.83075409444028e+014
3.29323063523819e+002 1.84786433930170e+014
3.29382361448343e+002 1.86072241248252e+014
3.29441650758440e+002 1.87021969774280e+014
3.29500931452262e+002 1.87737167244794e+014
3.29560203527958e+002 1.88334854048082e+014
3.29619466983680e+002 1.88934690711400e+014
3.29678721817578e+002 1.89630031621461e+014
3.29737968027804e+002 1.90450439174004e+014
3.29797205612507e+002 1.91328716858120e+014
3.29856434569840e+002 1.92088340229387e+014
3.29915654897952e+002 1.92464784598490e+014
3.29974866594994e+002 1.92163679171391e+014
3.30034069659117e+002 1.90941622072130e+014
3.30093264088473e+002 1.88680693022031e+014
3.30152449881211e+002 1.85426461165482e+014
3.30211627035483e+002 1.81375810729434e+014
3.30270795549439e+002 1.76826541553008e+014
3.30329955421230e+002 1.72118472631015e+014
3.30389106649007e+002 1.67593065693604e+014
3.30448249230921e+002 1.63577702594093e+014
3.30507383165123e+002 1.60377968377902e+014
3.30566508449762e+002 1.58254393738874e+014
3.30625625082991e+002 1.57374429099285e+014
3.30684733062960e+002 1.57754805799136e+014
3.30743832387819e+002 1.59225225432043e+014
3.30802923055720e+002 1.61439691219846e+014
3.30862005064813e+002 1.63940015265304e+014
3.30921078413249e+002 1.66251771470461e+014
3.30980143099179e+002 1.67980796435239e+014
3.31039199120754e+002 1.68882971762190e+014
3.31098246476124e+002 1.68895034688350e+014
3.31157285163440e+002 1.68128671994942e+014
3.31216315180853e+002 1.66837025123002e+014
3.31275336526514e+002 1.65362285070455e+014
3.31334349198574e+002 1.64070634667590e+014
3.31393353195183e+002 1.63281363918371e+014
3.31452348514492e+002 1.63201114220077e+014
3.31511335154652e+002 1.63878069431831e+014
3.31570313113814e+002 1.65189666227849e+014
3.31629282390128e+002 1.66869234639302e+014
3.31688242981746e+002 1.68564886085364e+014
3.31747194886818e+002 1.69913986202658e+014
3.31806138103495e+002 1.70613808747264e+014
3.31865072629927e+002 1.70474230735084e+014
3.31923998464266e+002 1.69447500284481e+014
3.31982915604662e+002 1.67637031947007e+014
3.32041824049267e+002 1.65287936318181e+014
3.32100723796230e+002 1.62757811900046e+014
3.32159614843703e+002 1.60463034769627e+014
3.32218497189836e+002 1.58799592435437e+014
3.32277370832781e+002 1.58049754550322e+014
3.32336235770688e+002 1.58300508290656e+014
3.32395092001707e+002 1.59406204402760e+014
3.32453939523990e+002 1.61018433459069e+014
3.32512778335688e+002 1.62682061787648e+014
3.32571608434951e+002 1.63968570188056e+014
3.32630429819930e+002 1.64600712360521e+014
3.32689242488775e+002 1.64524945319891e+014
3.32748046439638e+002 1.63908460682136e+014
3.32806841670670e+002 1.63065715239313e+014
3.32865628180021e+002 1.62342881697316e+014
3.32924405965842e+002 1.61999616849134e+014
3.32983175026283e+002 1.62124482997970e+014
3.33041935359496e+002 1.62606819013886e+014
3.33100686963631e+002 1.63169694882241e+014
3.33159429836840e+002 1.63451639619995e+014
3.33218163977272e+002 1.63113313502989e+014
3.33276889383079e+002 1.61940814252491e+014
3.33335606052412e+002 1.59919123083256e+014
3.33394313983421e+002 1.57255788406434e+014
3.33453013174257e+002 1.54345577215976e+014
3.33511703623071e+002 1.51681284137532e+014
3.33570385328013e+002 1.49732320087404e+014
3.33629058287235e+002 1.48825941532782e+014
3.33687722498888e+002 1.49069026392941e+014
3.33746377961121e+002 1.50336831475978e+014
3.33805024672086e+002 1.52331743044819e+014
3.33863662629934e+002 1.54689171672063e+014
3.33922291832815e+002 1.57091071610713e+014
3.33980912278880e+002 1.59347273211766e+014
3.34039523966281e+002 1.61419954033099e+014
3.34098126893167e+002 1.63389382625844e+014
3.34156721057690e+002 1.65379743009299e+014
3.34215306458000e+002 1.67475187774396e+014
3.34273883092248e+002 1.69655870914306e+014
3.34332450958586e+002 1.71773712265563e+014
3.34391010055163e+002 1.73573130637158e+014
3.34449560380130e+002 1.74748770323899e+014
3.34508101931639e+002 1.75024335274247e+014
3.34566634707840e+002 1.74234388703573e+014
3.34625158706884e+002 1.72391578061095e+014
3.34683673926922e+002 1.69722419992664e+014
3.34742180366104e+002 1.66656209385551e+014
3.34800678022582e+002 1.63758120368554e+014
3.34859166894505e+002 1.61612736135666e+014
3.34917646980026e+002 1.60685287565788e+014
3.34976118277294e+002 1.61204273223199e+014
3.35034580784460e+002 1.63108443333628e+014
3.35093034499676e+002 1.66078626041085e+014
3.35151479421092e+002 1.69639279797979e+014
3.35209915546859e+002 1.73284509767200e+014
3.35268342875127e+002 1.76575590346432e+014
3.35326761404048e+002 1.79176200425815e+014
3.35385171131772e+002 1.80826622165680e+014
3.35443572056450e+002 1.81289800888570e+014
3.35501964176233e+002 1.80314432132261e+014
3.35560347489271e+002 1.77648743456945e+014
3.35618721993716e+002 1.73111173577104e+014
3.35677087687718e+002 1.66694808381619e+014
3.35735444569428e+002 1.58663919248812e+014
3.35793792636996e+002 1.49599527975235e+014
3.35852131888574e+002 1.40365525795289e+014
3.35910462322313e+002 1.31991253447909e+014
3.35968783936363e+002 1.25492308560907e+014
3.36027096728874e+002 1.21670984574056e+014
3.36085400697998e+002 1.20945798905207e+014
3.36143695841886e+002 1.23253943906620e+014
3.36201982158688e+002 1.28052713774879e+014
3.36260259646555e+002 1.34420878157991e+014
3.36318528303638e+002 1.41235682924023e+014
3.36376788128088e+002 1.47382984422178e+014
3.36435039118055e+002 1.51952055561675e+014
3.36493281271691e+002 1.54373880729585e+014
3.36551514587145e+002 1.54479076894094e+014
3.36609739062569e+002 1.52473054901904e+014
3.36667954696114e+002 1.48845444560662e+014
3.36726161485931e+002 1.44243515315931e+014
3.36784359430169e+002 1.39343161461052e+014
3.36842548526981e+002 1.34746211813885e+014
3.36900728774516e+002 1.30921417257292e+014
3.36958900170926e+002 1.28191709582638e+014
3.37017062714361e+002 1.26756128316628e+014
3.37075216402973e+002 1.26725241085409e+014
3.37133361234911e+002 1.28147193608350e+014
3.37191497208327e+002 1.31008758430193e+014
3.37249624321372e+002 1.35209554380553e+014
3.37307742572196e+002 1.40522518290857e+014
3.37365851958950e+002 1.46563372259506e+014
3.37423952479785e+002 1.52792082090964e+014
3.37482044132852e+002 1.58560137347338e+014
3.37540126916301e+002 1.63202616437413e+014
3.37598200828284e+002 1.66158640780104e+014
3.37656265866951e+002 1.67092442249664e+014
3.37714322030452e+002 1.65982692906368e+014
3.37772369316939e+002 1.63151485673580e+014
3.37830407724563e+002 1.59216880215839e+014
3.37888437251474e+002 1.54972931715074e+014
3.37946457895823e+002 1.51224053265133e+014
3.38004469655761e+002 1.48618349279929e+014
3.38062472529438e+002 1.47528202537850e+014
3.38120466515006e+002 1.48011235908957e+014
3.38178451610615e+002 1.49855142555892e+014
3.38236427814416e+002 1.52678993639044e+014
3.38294395124560e+002 1.56046932341909e+014
3.38352353539198e+002 1.59555654533457e+014
3.38410303056479e+002 1.62879565524545e+014
3.38468243674556e+002 1.65781727613252e+014
3.38526175391579e+002 1.68109840576912e+014
3.38584098205699e+002 1.69790393734018e+014
3.38642012115066e+002 1.70819683321771e+014
3.38699917117832e+002 1.71242042294883e+014
3.38757813212147e+002 1.71111817177702e+014
3.38815700396161e+002 1.70451956746156e+014
3.38873578668027e+002 1.69234538828051e+014
3.38931448025893e+002 1.67404419730767e+014
3.38989308467913e+002 1.64945317005920e+014
3.39047159992235e+002 1.61960389963750e+014
3.39105002597011e+002 1.58724470845014e+014
3.39162836280392e+002 1.55673417399178e+014
3.39220661040528e+002 1.53324263630521e+014
3.39278476875570e+002 1.52152622511456e+014
3.39336283783670e+002 1.52473603973125e+014
3.39394081762977e+002 1.54369883697695e+014
3.39451870811643e+002 1.57688540413141e+014
3.39509650927818e+002 1.62099268542010e+014
3.39567422109654e+002 1.67184601801269e+014
3.39625184355301e+002 1.72526374056731e+014
3.39682937662909e+002 1.77761865196743e+014
3.39740682030630e+002 1.82601254794314e+014
3.39798417456614e+002 1.86816017125480e+014
3.39856143939013e+002 1.90218312441955e+014
3.39913861475976e+002 1.92650947943932e+014
3.39971570065655e+002 1.93997510092953e+014
3.40029269706201e+002 1.94208178676894e+014
3.40086960395764e+002 1.93325744242084e+014
3.40144642132496e+002 1.91494218047762e+014
3.40202314914546e+002 1.88940268309568e+014
3.40259978740065e+002 1.85931140122865e+014
3.40317633607206e+002 1.82724279430353e+014
3.40375279514117e+002 1.79527538595516e+014
3.40432916458951e+002 1.76483254292923e+014
3.40490544439858e+002 1.73678172418790e+014
3.40548163454988e+002 1.71169884194693e+014
3.40605773502493e+002 1.69013955521399e+014
3.40663374580523e+002 1.67276407537260e+014
3.40720966687229e+002 1.66022969483184e+014
3.40778549820761e+002 1.65286906709302e+014
3.40836123979272e+002 1.65027614980737e+014
3.40893689160911e+002 1.65098986273361e+014
3.40951245363829e+002 1.65247033609372e+014
3.41008792586177e+002 1.65149083578019e+014
3.41066330826106e+002 1.64492804928515e+014
3.41123860081766e+002 1.63076145109881e+014
3.41181380351309e+002 1.60895504568116e+014
3.41238891632885e+002 1.58186667336382e+014
3.41296393924645e+002 1.55395443173459e+014
3.41353887224740e+002 1.53079932043158e+014
3.41411371531320e+002 1.51773521662587e+014
3.41468846842537e+002 1.51853920513191e+014
3.41526313156540e+002 1.53460028996054e+014
3.41583770471482e+002 1.56476831209041e+014
3.41641218785512e+002 1.60580312091262e+014
3.41698658096782e+002 1.65314520614470e+014
3.41756088403442e+002 1.70170410565799e+014
3.41813509703643e+002 1.74649069731234e+014
3.41870921995536e+002 1.78309470726240e+014
3.41928325277272e+002 1.80810710290796e+014
3.41985719547001e+002 1.81955341661384e+014
3.42043104802875e+002 1.81728026297015e+014
3.42100481043043e+002 1.80312558650658e+014
3.42157848265657e+002 1.78069555452511e+014
3.42215206468868e+002 1.75469261306119e+014
3.42272555650827e+002 1.72993479964263e+014
3.42329895809683e+002 1.71037117617612e+014
3.42387226943589e+002 1.69843414871907e+014
3.42444549050694e+002 1.69493900178394e+014
3.42501862129150e+002 1.69949459829120e+014
3.42559166177107e+002 1.71114911109511e+014
3.42616461192717e+002 1.72889403756601e+014
3.42673747174129e+002 1.75175477707061e+014
3.42731024119495e+002 1.77845873244054e+014
3.42788292026966e+002 1.80694854593994e+014
3.42845550894692e+002 1.83413914026744e+014
3.42902800720824e+002 1.85622082378822e+014
3.42960041503513e+002 1.86953111906106e+014
3.43017273240910e+002 1.87169965712215e+014
3.43074495931166e+002 1.86257848633954e+014
3.43131709572430e+002 1.84450538418110e+014
3.43188914162855e+002 1.82170030986374e+014
3.43246109700590e+002 1.79895343878177e+014
3.43303296183788e+002 1.78006708997810e+014
3.43360473610597e+002 1.76662493902267e+014
3.43417641979170e+002 1.75752712851450e+014
3.43474801287657e+002 1.74941069726543e+014
3.43531951534209e+002 1.73772322607100e+014
3.43589092716976e+002 1.71800249041930e+014
3.43646224834110e+002 1.68692889430899e+014
3.43703347883761e+002 1.64292226074504e+014
3.43760461864080e+002 1.58630669145366e+014
3.43817566773218e+002 1.51921249816568e+014
3.43874662609325e+002 1.44536047120239e+014
3.43931749370553e+002 1.36974613265180e+014
3.43988827055052e+002 1.29814287270049e+014
3.44045895660973e+002 1.23636858967780e+014
3.44102955186466e+002 1.18939797047971e+014
3.44160005629683e+002 1.16054644173307e+014
3.44217046988775e+002 1.15099006120031e+014
3.44274079261892e+002 1.15978282573800e+014
3.44331102447184e+002 1.18434695173867e+014
3.44388116542803e+002 1.22124437591048e+014
3.44445121546900e+002 1.26696506317746e+014
3.44502117457625e+002 1.31850240755400e+014
3.44559104273129e+002 1.37359123213185e+014
3.44616081991563e+002 1.43060842431965e+014
3.44673050611078e+002 1.48823996275972e+014
3.44730010129824e+002 1.54507978757891e+014
3.44786960545952e+002 1.59933837053194e+014
3.44843901857614e+002 1.64880207386895e+014
3.44900834062959e+002 1.69110414778350e+014
3.44957757160139e+002 1.72425680533514e+014
3.45014671147304e+002 1.74727495768995e+014
3.45071576022605e+002 1.76063780817162e+014
3.45128471784194e+002 1.76633762935343e+014
3.45185358430220e+002 1.76738898593654e+014
3.45242235958835e+002 1.76689237542343e+014
3.45299104368189e+002 1.76697049633793e+014
3.45355963656433e+002 1.76799967168482e+014
3.45412813821719e+002 1.76846751597533e+014
3.45469654862196e+002 1.76553109447518e+014
3.45526486776015e+002 1.75605603730889e+014
3.45583309561328e+002 1.73773632122411e+014
3.45640123216285e+002 1.70990700996590e+014
3.45696927739037e+002 1.67383648728985e+014
3.45753723127735e+002 1.63250876022786e+014
3.45810509380529e+002 1.59006475714550e+014
3.45867286495570e+002 1.55110881293191e+014
3.45924054471010e+002 1.52002567373028e+014
3.45980813304998e+002 1.50036615912572e+014
3.46037562995686e+002 1.49431524188242e+014
3.46094303541225e+002 1.50228154466758e+014
3.46151034939765e+002 1.52271188667611e+014
3.46207757189456e+002 1.55227012994192e+014
3.46264470288451e+002 1.58646503113013e+014
3.46321174234899e+002 1.62065770798735e+014
3.46377869026952e+002 1.65118856299421e+014
3.46434554662760e+002 1.67624476888132e+014
3.46491231140474e+002 1.69613179661803e+014
3.46547898458244e+002 1.71282401083427e+014
3.46604556614222e+002 1.72895838178144e+014
3.46661205606559e+002 1.74665794072155e+014
3.46717845433405e+002 1.76661746609638e+014
3.46774476092911e+002 1.78774176103263e+014
3.46831097583227e+002 1.80738573016386e+014
3.46887709902505e+002 1.82203175099112e+014
3.46944313048895e+002 1.82813901618208e+014
3.47000907020549e+002 1.82291830272906e+014
3.47057491815616e+002 1.80487427865862e+014
3.47114067432248e+002 1.77405830821637e+014
3.47170633868596e+002 1.73205532602452e+014
3.47227191122810e+002 1.68177927655173e+014
3.47283739193041e+002 1.62716670029081e+014
3.47340278077439e+002 1.57283262440911e+014
3.47396807774157e+002 1.52369692827687e+014
3.47453328281344e+002 1.48453798702131e+014
3.47509839597151e+002 1.45943025569236e+014
3.47566341719729e+002 1.45109203753948e+014
3.47622834647229e+002 1.46027732577475e+014
3.47679318377802e+002 1.48542060989477e+014
3.47735792909598e+002 1.52272176570916e+014
3.47792258240768e+002 1.56673173273135e+014
3.47848714369463e+002 1.61132439258300e+014
3.47905161293834e+002 1.65080454312106e+014
3.47961599012032e+002 1.68087117105195e+014
3.48018027522207e+002 1.69923176202983e+014
3.48074446822510e+002 1.70579386548963e+014
3.48130856911092e+002 1.70247225207705e+014
3.48187257786104e+002 1.69270159643810e+014
3.48243649445696e+002 1.68074267135476e+014
3.48300031888020e+002 1.67085535892223e+014
3.48356405111226e+002 1.66642438325154e+014
3.48412769113465e+002 1.66917080052721e+014
3.48469123892887e+002 1.67863419028614e+014
3.48525469447644e+002 1.69211743052764e+014
3.48581805775886e+002 1.70520986807843e+014
3.48638132875765e+002 1.71284517090016e+014
3.48694450745430e+002 1.71065537627936e+014
3.48750759383033e+002 1.69623502485707e+014
3.48807058786724e+002 1.66990884110756e+014
3.48863348954654e+002 1.63473576261497e+014
3.48919629884975e+002 1.59573816203590e+014
3.48975901575836e+002 1.55861269055957e+014
3.49032164025389e+002 1.52834093885304e+014
3.49088417231785e+002 1.50811121213490e+014
3.49144661193173e+002 1.49881002022689e+014
3.49200895907706e+002 1.49913430510763e+014
3.49257121373533e+002 1.50620980402932e+014
3.49313337588806e+002 1.51652116044882e+014
3.49369544551676e+002 1.52694433942512e+014
3.49425742260292e+002 1.53567153777600e+014
3.49481930712807e+002 1.54281255554620e+014
3.49538109907370e+002 1.55047535265602e+014
3.49594279842133e+002 1.56222492661778e+014
3.49650440515246e+002 1.58200800708214e+014
3.49706591924860e+002 1.61285008151345e+014
3.49762734069126e+002 1.65576704821266e+014
3.49818866946195e+002 1.70929036684306e+014
3.49874990554217e+002 1.76977423308156e+014
3.49931104891344e+002 1.83233671607204e+014
3.49987209955725e+002 1.89203936371635e+014
3.50043305745513e+002 1.94485646388891e+014
3.50099392258857e+002 1.98814442423513e+014
3.50155469493909e+002 2.02059658879566e+014
3.50211537448819e+002 2.04190500449397e+014
3.50267596121738e+002 2.05242463835883e+014
3.50323645510816e+002 2.05302796705401e+014
3.50379685614206e+002 2.04513455824257e+014
3.50435716430057e+002 2.03073867704852e+014
3.50491737956520e+002 2.01223946638493e+014
3.50547750191746e+002 1.99200910452179e+014
3.50603753133885e+002 1.97182604979911e+014
3.50659746781090e+002 1.95242668495492e+014
3.50715731131509e+002 1.93340638778686e+014
3.50771706183295e+002 1.91353927326827e+014
3.50827671934598e+002 1.89138034535409e+014
3.50883628383569e+002 1.86588566604134e+014
3.50939575528358e+002 1.83680776053165e+014
3.50995513367116e+002 1.80477426945294e+014
3.51051441897995e+002 1.77113760251995e+014
3.51107361119144e+002 1.73777831990646e+014
3.51163271028715e+002 1.70700014361364e+014
3.51219171624859e+002 1.68150918224800e+014
3.51275062905726e+002 1.66433116502370e+014
3.51330944869467e+002 1.65848990674043e+014
3.51386817514233e+002 1.66638029837287e+014
3.51442680838174e+002 1.68895952068363e+014
3.51498534839442e+002 1.72504034476025e+014
3.51554379516188e+002 1.77100386760243e+014
3.51610214866561e+002 1.82113029582354e+014
3.51666040888713e+002 1.86852775607372e+014
3.51721857580795e+002 1.90641915640801e+014
3.51777664940957e+002 1.92941865585485e+014
3.51833462967350e+002 1.93443789780389e+014
3.51889251658125e+002 1.92099619706544e+014
3.51945031011433e+002 1.89091073396352e+014
3.52000801025425e+002 1.84753935446480e+014
3.52056561698251e+002 1.79487269139061e+014
3.52112313028062e+002 1.73678690496867e+014
3.52168055013010e+002 1.67667083687503e+014
3.52223787651243e+002 1.61747106422936e+014
3.52279510940915e+002 1.56201956268688e+014
3.52335224880175e+002 1.51339365268458e+014
3.52390929467173e+002 1.47505044779820e+014
3.52446624700062e+002 1.45057991285067e+014
3.52502310576992e+002 1.44308758276537e+014
3.52557987096113e+002 1.45438323293034e+014
3.52613654255576e+002 1.48425378051912e+014
3.52669312053532e+002 1.53010125946804e+014
3.52724960488132e+002 1.58712896242949e+014
3.52780599557527e+002 1.64909195820488e+014
3.52836229259868e+002 1.70944853804904e+014
3.52891849593304e+002 1.76261714584307e+014
3.52947460555988e+002 1.80500533510710e+014
3.53003062146069e+002 1.83554206281612e+014
3.53058654361699e+002 1.85558768444584e+014
3.53114237201029e+002 1.86826892799403e+014
3.53169810662208e+002 1.87744266102039e+014
3.53225374743389e+002 1.88659233578353e+014
3.53280929442721e+002 1.89797784131348e+014
3.53336474758356e+002 1.91227776589441e+014
3.53392010688445e+002 1.92879447483147e+014
3.53447537231137e+002 1.94608705606800e+014
3.53503054384585e+002 1.96273601701815e+014
3.53558562146938e+002 1.97790484651469e+014
3.53614060516348e+002 1.99147598428959e+014
3.53669549490965e+002 2.00375680228408e+014
3.53725029068940e+002 2.01496927375593e+014
3.53780499248424e+002 2.02484401872089e+014
3.53835960027568e+002 2.03257663360749e+014
3.53891411404522e+002 2.03720127688054e+014
3.53946853377438e+002 2.03819922042962e+014
3.54002285944465e+002 2.03601546478589e+014
3.54057709103756e+002 2.03218472719031e+014
3.54113122853460e+002 2.02895682123230e+014
3.54168527191728e+002 2.02856043292321e+014
3.54223922116712e+002 2.03242198514288e+014
3.54279307626562e+002 2.04067424534724e+014
3.54334683719429e+002 2.05214818573788e+014
3.54390050393463e+002 2.06482394462520e+014
3.54445407646816e+002 2.07653356298827e+014
3.54500755477638e+002 2.08563492909131e+014
3.54556093884080e+002 2.09142313346287e+014
3.54611422864292e+002 2.09416784702792e+014
3.54666742416427e+002 2.09480238075083e+014
3.54722052538633e+002 2.09439668950303e+014
3.54777353229063e+002 2.09360285970382e+014
3.54832644485867e+002 2.09226301093112e+014
3.54887926307195e+002 2.08931874644490e+014
3.54943198691199e+002 2.08306780450068e+014
3.54998461636030e+002 2.07170115420529e+014
3.55053715139837e+002 2.05395778321209e+014
3.55108959200773e+002 2.02968862139084e+014
3.55164193816987e+002 2.00014112057043e+014
3.55219418986630e+002 1.96785480857889e+014
3.55274634707854e+002 1.93617091422290e+014
3.55329840978809e+002 1.90847714102732e+014
3.55385037797646e+002 1.88740035531682e+014
3.55440225162515e+002 1.87419594717397e+014
3.55495403071568e+002 1.86853916191647e+014
3.55550571522955e+002 1.86879961355542e+014
3.55605730514827e+002 1.87270996357068e+014
3.55660880045335e+002 1.87818876604221e+014
3.55716020112630e+002 1.88401323938784e+014
3.55771150714862e+002 1.89009326719992e+014
3.55826271850182e+002 1.89724969349346e+014
3.55881383516741e+002 1.90658155406932e+014
3.55936485712690e+002 1.91864640716987e+014
3.55991578436180e+002 1.93273331582458e+014
3.56046661685361e+002 1.94648011050274e+014
3.56101735458384e+002 1.95599887815200e+014
3.56156799753400e+002 1.95654930494226e+014
3.56211854568560e+002 1.94365020337938e+014
3.56266899902014e+002 1.91436282896110e+014
3.56321935751914e+002 1.86835916410184e+014
3.56376962116409e+002 1.80837281990436e+014
3.56431978993652e+002 1.73977554522826e+014
3.56486986381792e+002 1.66931801002206e+014
3.56541984278981e+002 1.60341639643631e+014
3.56596972683369e+002 1.54659485136488e+014
3.56651951593108e+002 1.50067171025549e+014
3.56706921006347e+002 1.46498217922434e+014
3.56761880921237e+002 1.43748629779673e+014
3.56816831335930e+002 1.41622894550945e+014
3.56871772248577e+002 1.40049099942730e+014
3.56926703657327e+002 1.39115458242156e+014
3.56981625560332e+002 1.39019957655330e+014
3.57036537955743e+002 1.39964695035165e+014
3.57091440841711e+002 1.42047366525681e+014
3.57146334216385e+002 1.45196516750830e+014
3.57201218077918e+002 1.49170859457982e+014
3.57256092424459e+002 1.53611847727827e+014
3.57310957254160e+002 1.58118299039309e+014
3.57365812565171e+002 1.62309848334044e+014
3.57420658355643e+002 1.65859722643731e+014
3.57475494623727e+002 1.68497214167013e+014
3.57530321367574e+002 1.69995428923184e+014
3.57585138585335e+002 1.70164201200430e+014
3.57639946275160e+002 1.68861357101991e+014
3.57694744435200e+002 1.66023116401344e+014
3.57749533063606e+002 1.61702952756880e+014
3.57804312158528e+002 1.56102338847973e+014
3.57859081718118e+002 1.49577623548386e+014
3.57913841740527e+002 1.42613062129067e+014
3.57968592223904e+002 1.35758778619976e+014
3.58023333166401e+002 1.29542517422130e+014
3.58078064566169e+002 1.24374233968084e+014
3.58132786421359e+002 1.20469824328613e+014
3.58187498730120e+002 1.17820325570831e+014
3.58242201490605e+002 1.16222296393843e+014
3.58296894700963e+002 1.15365010324333e+014
3.58351578359346e+002 1.14948056182801e+014
3.58406252463905e+002 1.14789329876865e+014
3.58460917012790e+002 1.14886132875760e+014
3.58515572004151e+002 1.15410700341874e+014
3.58570217436141e+002 1.16647222621866e+014
3.58624853306909e+002 1.18897891059643e+014
3.58679479614606e+002 1.22391775347941e+014
3.58734096357384e+002 1.27221919555756e+014
3.58788703533392e+002 1.33319938395513e+014
3.58843301140783e+002 1.40463466829455e+014
3.58897889177705e+002 1.48306228256750e+014
3.58952467642311e+002 1.56422953186886e+014
3.59007036532752e+002 1.64365985025401e+014
3.59061595847177e+002 1.71731013700357e+014
3.59116145583738e+002 1.78223808274905e+014
3.59170685740585e+002 1.83712070814987e+014
3.59225216315869e+002 1.88243647496888e+014
3.59279737307742e+002 1.92019258096771e+014
3.59334248714354e+002 1.95323690601763e+014
3.59388750533855e+002 1.98436520293286e+014
3.59443242764396e+002 2.01552823545213e+014
3.59497725404129e+002 2.04740181313207e+014
3.59552198451204e+002 2.07942270865542e+014
3.59606661903772e+002 2.11019279819837e+014
3.59661115759983e+002 2.13801241232973e+014
3.59715560017989e+002 2.16128774819974e+014
3.59769994675940e+002 2.17866648040866e+014
3.59824419731987e+002 2.18892905922844e+014
3.59878835184280e+002 2.19080686023893e+014
3.59933241030972e+002 2.18293906632411e+014
3.59987637270211e+002 2.16409630109988e+014
3.60042023900150e+002 2.13363714016592e+014
3.60096400918939e+002 2.09201052036940e+014
3.60150768324728e+002 2.04105491773383e+014
3.60205126115669e+002 1.98390841852014e+014
3.60259474289912e+002 1.92449851680539e+014
3.60313812845609e+002 1.86675121202496e+014
3.60368141780909e+002 1.81376854901218e+014
3.60422461093964e+002 1.76723496136300e+014
3.60476770782925e+002 1.72723660774903e+014
3.60531070845941e+002 1.69255154972276e+014
3.60585361281165e+002 1.66133190851934e+014
3.60639642086747e+002 1.63198008292117e+014
3.60693913260837e+002 1.60394460006287e+014
3.60748174801587e+002 1.57815767969912e+014
3.60802426707147e+002 1.55692882417536e+014
3.60856668975668e+002 1.54329086748843e+014
3.60910901605301e+002 1.54000798285141e+014
3.60965124594197e+002 1.54860604326926e+014
3.61019337940506e+002 1.56879072979381e+014
3.61073541642379e+002 1.59845808259578e+014
3.61127735697967e+002 1.63424426779772e+014
3.61181920105421e+002 1.67233050596562e+014
3.61236094862891e+002 1.70913436225780e+014
3.61290259968529e+002 1.74162240650151e+014
3.61344415420485e+002 1.76721672739828e+014
3.61398561216910e+002 1.78350977798130e+014
3.61452697355955e+002 1.78811995184763e+014
3.61506823835770e+002 1.77894723770476e+014
3.61560940654506e+002 1.75486098462534e+014
3.61615047810315e+002 1.71658351260383e+014
3.61669145301346e+002 1.66736139045812e+014
3.61723233125751e+002 1.61303097258654e+014
3.61777311281681e+002 1.56128858356781e+014
3.61831379767286e+002 1.52028256465575e+014
3.61885438580717e+002 1.49692195407183e+014
3.61939487720125e+002 1.49542580686114e+014
3.61993527183661e+002 1.51656510489379e+014
3.62047556969475e+002 1.55780984648156e+014
3.62101577075718e+002 1.61428515252707e+014
3.62155587500541e+002 1.68018197597839e+014
3.62209588242095e+002 1.75014853097300e+014
3.62263579298531e+002 1.82023809374249e+014
3.62317560667999e+002 1.88817545540886e+014
3.62371532348650e+002 1.95295458448285e+014
3.62425494338635e+002 2.01400345714208e+014
3.62479446636106e+002 2.07027665776935e+014
3.62533389239211e+002 2.11962625332597e+014
3.62587322146103e+002 2.15867503248941e+014
3.62641245354932e+002 2.18323350093682e+014
3.62695158863849e+002 2.18913511048936e+014
3.62749062671005e+002 2.17326324738336e+014
3.62802956774550e+002 2.13451619008653e+014
3.62856841172636e+002 2.07447904806743e+014
3.62910715863413e+002 1.99762179151595e+014
3.62964580845032e+002 1.91091817847442e+014
3.63018436115643e+002 1.82289422919466e+014
3.63072281673398e+002 1.74226706711964e+014
3.63126117516447e+002 1.67648277245334e+014
3.63179943642941e+002 1.63053482611609e+014
3.63233760051031e+002 1.60638431063630e+014
3.63287566738868e+002 1.60311249215836e+014
3.63341363704602e+002 1.61768905426470e+014
3.63395150946384e+002 1.64604715651896e+014
3.63448928462366e+002 1.68409881053178e+014
3.63502696250697e+002 1.72841210361144e+014
3.63556454309529e+002 1.77644342218421e+014
3.63610202637012e+002 1.82638727031083e+014
3.63663941231298e+002 1.87680888869950e+014
3.63717670090536e+002 1.92624658738675e+014
3.63771389212878e+002 1.97293191758743e+014
3.63825098596475e+002 2.01471047069104e+014
3.63878798239477e+002 2.04917809720730e+014
3.63932488140035e+002 2.07398818648394e+014
3.63986168296301e+002 2.08724271389974e+014
3.64039838706424e+002 2.08785996559465e+014
3.64093499368555e+002 2.07582023174675e+014
3.64147150280846e+002 2.05222538547229e+014
3.64200791441447e+002 2.01915851587388e+014
3.64254422848509e+002 1.97938046875237e+014
3.64308044500182e+002 1.93593896855485e+014
3.64361656394618e+002 1.89178561264601e+014
3.64415258529967e+002 1.84949256959378e+014
3.64468850904381e+002 1.81113246185645e+014
3.64522433516009e+002 1.77833396200861e+014
3.64576006363003e+002 1.75246338402242e+014
3.64629569443513e+002 1.73483135461052e+014
3.64683122755691e+002 1.72680985844398e+014
3.64736666297686e+002 1.72978074638462e+014
3.64790200067651e+002 1.74491092152131e+014
3.64843724063735e+002 1.77282697628013e+014
3.64897238284089e+002 1.81330599642684e+014
3.64950742726865e+002 1.86509147617538e+014
3.65004237390212e+002 1.92589613150864e+014
3.65057722272282e+002 1.99259638658545e+014
3.65111197371226e+002 2.06158166317718e+014
3.65164662685195e+002 2.12920101549483e+014
3.65218118212338e+002 2.19223942979329e+014
3.65271563950807e+002 2.24834475100025e+014
3.65324999898753e+002 2.29631786229186e+014
3.65378426054327e+002 2.33618877484155e+014
3.65431842415679e+002 2.36904248776273e+014
3.65485248980960e+002 2.39662574768368e+014
3.65538645748321e+002 2.42083426086166e+014
3.65592032715913e+002 2.44321748257584e+014
3.65645409881886e+002 2.46462755848285e+014
3.65698777244391e+002 2.48508543152307e+014
3.65752134801580e+002 2.50386569717299e+014
3.65805482551602e+002 2.51974249594900e+014
3.65858820492609e+002 2.53131096348955e+014
3.65912148622751e+002 2.53730473226616e+014
3.65965466940180e+002 2.53685698963161e+014
3.66018775443046e+002 2.52968193050988e+014
3.66072074129499e+002 2.51616974653257e+014
3.66125362997691e+002 2.49738828210971e+014
3.66178642045773e+002 2.47497744020469e+014
3.66231911271894e+002 2.45092530286309e+014
3.66285170674207e+002 2.42723942108996e+014
3.66338420250862e+002 2.40556970112699e+014
3.66391660000009e+002 2.38688012946491e+014
3.66444889919799e+002 2.37127866701734e+014
3.66498110008383e+002 2.35808251689891e+014
3.66551320263913e+002 2.34612614135706e+014
3.66604520684538e+002 2.33423795450799e+014
3.66657711268410e+002 2.32174913725840e+014
3.66710892013679e+002 2.30887646542097e+014
3.66764062918496e+002 2.29684593309861e+014
3.66817223981012e+002 2.28768965624291e+014
3.66870375199378e+002 2.28374168761129e+014
3.66923516571744e+002 2.28695725367561e+014
3.66976648096262e+002 2.29825410934920e+014
3.67029769771081e+002 2.31708936318606e+014
3.67082881594354e+002 2.34142065344046e+014
3.67135983564230e+002 2.36806973106899e+014
3.67189075678860e+002 2.39336033150491e+014
3.67242157936396e+002 2.41380881909462e+014
3.67295230334988e+002 2.42665137117176e+014
3.67348292872786e+002 2.43009199426377e+014
3.67401345547942e+002 2.42329419049116e+014
3.67454388358607e+002 2.40624104870668e+014
3.67507421302931e+002 2.37960376217897e+014
3.67560444379065e+002 2.34469230669181e+014
3.67613457585159e+002 2.30346622757239e+014
3.67666460919365e+002 2.25851968514295e+014
3.67719454379834e+002 2.21295628774266e+014
3.67772437964715e+002 2.17012242992427e+014
3.67825411672161e+002 2.13323257627133e+014
3.67878375500321e+002 2.10495849594870e+014
3.67931329447347e+002 2.08705690751631e+014
3.67984273511389e+002 2.08009157679504e+014
3.68037207690598e+002 2.08328853468084e+014
3.68090131983126e+002 2.09455551625651e+014
3.68143046387121e+002 2.11069076712558e+014
3.68195950900737e+002 2.12778827800301e+014
3.68248845522122e+002 2.14181046241002e+014
3.68301730249429e+002 2.14925401805724e+014
3.68354605080807e+002 2.14779708022752e+014
3.68407470014409e+002 2.13680143937629e+014
3.68460325048383e+002 2.11755912533594e+014
3.68513170180882e+002 2.09321443326147e+014
3.68566005410056e+002 2.06835027371326e+014
3.68618830734056e+002 2.04828922458074e+014
3.68671646151032e+002 2.03821391429282e+014
3.68724451659135e+002 2.04225015855777e+014
3.68777247256517e+002 2.06267381421868e+014
3.68830032941328e+002 2.09939457971888e+014
3.68882808711719e+002 2.14983476639756e+014
3.68935574565840e+002 2.20925890299479e+014
3.68988330501842e+002 2.27152615776285e+014
3.69041076517877e+002 2.33014460889933e+014
3.69093812612095e+002 2.37942467753523e+014
3.69146538782646e+002 2.41548451225752e+014
3.69199255027682e+002 2.43687663408434e+014
3.69251961345353e+002 2.44469100768178e+014
3.69304657733811e+002 2.44212762418373e+014
3.69357344191205e+002 2.43367769705714e+014
3.69410020715687e+002 2.42415146760718e+014
3.69462687305407e+002 2.41780353733990e+014
3.69515343958517e+002 2.41773151155925e+014
3.69567990673166e+002 2.42560046172966e+014
3.69620627447507e+002 2.44163424436572e+014
3.69673254279689e+002 2.46476178181066e+014
3.69725871167864e+002 2.49282252377194e+014
3.69778478110182e+002 2.52279149832698e+014
3.69831075104794e+002 2.55103603542682e+014
3.69883662149850e+002 2.57363156751391e+014
3.69936239243503e+002 2.58674054227722e+014
3.69988806383901e+002 2.58702074004617e+014
3.70041363569197e+002 2.57200598060410e+014
3.70093910797541e+002 2.54040671647788e+014
3.70146448067084e+002 2.49230124351207e+014
3.70198975375976e+002 2.42920877282903e+014
3.70251492722369e+002 2.35403923593722e+014
3.70304000104413e+002 2.27090581792961e+014
3.70356497520258e+002 2.18478488975856e+014
3.70408984968057e+002 2.10103251869817e+014
3.70461462445959e+002 2.02481622881935e+014
3.70513929952115e+002 1.96057171219868e+014
3.70566387484676e+002 1.91161253130898e+014
3.70618835041793e+002 1.87998467804240e+014
3.70671272621617e+002 1.86657481773002e+014
3.70723700222299e+002 1.87138736118472e+014
3.70776117841988e+002 1.89384781020287e+014
3.70828525478837e+002 1.93299781279133e+014
3.70880923130996e+002 1.98751618831347e+014
3.70933310796615e+002 2.05559329983600e+014
3.70985688473846e+002 2.13475605056224e+014
3.71038056160839e+002 2.22175710555929e+014
3.71090413855745e+002 2.31260583916853e+014
3.71142761556714e+002 2.40275718057452e+014
3.71195099261899e+002 2.48742079110228e+014
3.71247426969449e+002 2.56192496546174e+014
3.71299744677515e+002 2.62206591041024e+014
3.71352052384247e+002 2.66438292305726e+014
3.71404350087798e+002 2.68631766351843e+014
3.71456637786317e+002 2.68624508943635e+014
3.71508915477956e+002 2.66340754698254e+014
3.71561183160865e+002 2.61783112588691e+014
3.71613440833195e+002 2.55032736672389e+014
3.71665688493096e+002 2.46265535332701e+014
3.71717926138720e+002 2.35783445745272e+014
3.71770153768217e+002 2.24048792954368e+014
3.71822371379739e+002 2.11701863656424e+014
3.71874578971435e+002 1.99542173778891e+014
3.71926776541457e+002 1.88463668047440e+014
3.71978964087955e+002 1.79349583003498e+014
3.72031141609081e+002 1.72947310352681e+014
3.72083309102985e+002 1.69751263603108e+014
3.72135466567817e+002 1.69920151974892e+014
3.72187614001730e+002 1.73246187997101e+014
3.72239751402872e+002 1.79181955518308e+014
3.72291878769396e+002 1.86919935865021e+014
3.72343996099452e+002 1.95511715969010e+014
3.72396103391191e+002 2.04008202784654e+014
3.72448200642764e+002 2.11597841078825e+014
3.72500287852320e+002 2.17717308214681e+014
3.72552365018012e+002 2.22110674144753e+014
3.72604432137990e+002 2.24821244728839e+014
3.72656489210405e+002 2.26115779564197e+014
3.72708536233407e+002 2.26360059095536e+014
3.72760573205148e+002 2.25880927549545e+014
3.72812600123778e+002 2.24855524543610e+014
3.72864616987447e+002 2.23259762394783e+014
3.72916623794308e+002 2.20887986045924e+014
3.72968620542510e+002 2.17432370548868e+014
3.73020607230204e+002 2.12593433576376e+014
3.73072583855542e+002 2.06187949567822e+014
3.73124550416673e+002 1.98227172269078e+014
3.73176506911749e+002 1.88951331715543e+014
3.73228453338920e+002 1.78819449790632e+014
3.73280389696338e+002 1.68462485702097e+014
3.73332315982153e+002 1.58611979954262e+014
3.73384232194515e+002 1.50017189048754e+014
3.73436138331577e+002 1.43362755787545e+014
3.73488034391487e+002 1.39196876250819e+014
3.73539920372398e+002 1.37876778937892e+014
3.73591796272460e+002 1.39534557577547e+014
3.73643662089824e+002 1.44063149157832e+014
3.73695517822640e+002 1.51120719414724e+014
3.73747363469060e+002 1.60152185520051e+014
3.73799199027234e+002 1.70428023769999e+014
3.73851024495313e+002 1.81101107966014e+014
3.73902839871448e+002 1.91280723562781e+014
3.73954645153789e+002 2.00119026269328e+014
3.74006440340488e+002 2.06900338692735e+014
3.74058225429695e+002 2.11119829423205e+014
3.74110000419560e+002 2.12537193662567e+014
3.74161765308236e+002 2.11193963693812e+014
3.74213520093872e+002 2.07389741606198e+014
3.74265264774619e+002 2.01621362483552e+014
3.74316999348628e+002 1.94497330942961e+014
3.74368723814051e+002 1.86645411674034e+014
3.74420438169037e+002 1.78632489721062e+014
3.74472142411737e+002 1.70912551440939e+014
3.74523836540303e+002 1.63811763025630e+014
3.74575520552884e+002 1.57550540620950e+014
3.74627194447633e+002 1.52292799983151e+014
3.74678858222699e+002 1.48204278214631e+014
3.74730511876234e+002 1.45497584050324e+014
3.74782155406388e+002 1.44444099611564e+014
3.74833788811312e+002 1.45343015032731e+014
3.74885412089157e+002 1.48453315702075e+014
3.74937025238073e+002 1.53909717257026e+014
3.74988628256212e+002 1.61651445090509e+014
3.75040221141724e+002 1.71388970311162e+014
3.75091803892760e+002 1.82619424291979e+014
3.75143376507470e+002 1.94683030706615e+014
3.75194938984007e+002 2.06839359008361e+014
3.75246491320519e+002 2.18339887341678e+014
3.75298033515159e+002 2.28482623290548e+014
3.75349565566077e+002 2.36649484768303e+014
3.75401087471423e+002 2.42338898411476e+014
3.75452599229349e+002 2.45207644696685e+014
3.75504100838005e+002 2.45126079050469e+014
3.75555592295543e+002 2.42234704417903e+014
3.75607073600112e+002 2.36976765896267e+014
3.75658544749864e+002 2.30079448439369e+014
3.75710005742949e+002 2.22468598258062e+014
3.75761456577519e+002 2.15124741965008e+014
3.75812897251724e+002 2.08912052567006e+014
3.75864327763714e+002 2.04426094315823e+014
3.75915748111641e+002 2.01903762881149e+014
3.75967158293656e+002 2.01220055547770e+014
3.76018558307909e+002 2.01968441114769e+014
3.76069948152551e+002 2.03595629985593e+014
3.76121327825733e+002 2.05547208983673e+014
3.76172697325605e+002 2.07382431760015e+014
3.76224056650319e+002 2.08832339036844e+014
3.76275405798025e+002 2.09798054435199e+014
3.76326744766873e+002 2.10306419926074e+014
3.76378073555016e+002 2.10450741123821e+014
3.76429392160603e+002 2.10342466761553e+014
3.76480700581786e+002 2.10087671409653e+014
3.76531998816715e+002 2.09786878053734e+014
3.76583286863540e+002 2.09545627778070e+014
3.76634564720414e+002 2.09481120772981e+014
3.76685832385485e+002 2.09716875828075e+014
3.76737089856907e+002 2.10367553613975e+014
3.76788337132828e+002 2.11523102616650e+014
3.76839574211400e+002 2.13241042986856e+014
3.76890801090774e+002 2.15548965074100e+014
3.76942017769100e+002 2.18451391680142e+014
3.76993224244530e+002 2.21931853912912e+014
3.77044420515214e+002 2.25944811075431e+014
3.77095606579302e+002 2.30400416964242e+014
3.77146782434946e+002 2.35152455428852e+014
3.77197948080297e+002 2.40001031256868e+014
3.77249103513505e+002 2.44715693685401e+014
3.77300248732721e+002 2.49074883529914e+014
3.77351383736095e+002 2.52909412095105e+014
3.77402508521780e+002 2.56135396257396e+014
3.77453623087924e+002 2.58766445460403e+014
3.77504727432680e+002 2.60903131003013e+014
3.77555821554198e+002 2.62705499009599e+014
3.77606905450628e+002 2.64358246762075e+014
3.77657979120122e+002 2.66037451610405e+014
3.77709042560831e+002 2.67884196309110e+014
3.77760095770905e+002 2.69986789740425e+014
3.77811138748494e+002 2.72371380697465e+014
3.77862171491751e+002 2.75000584760260e+014
3.77913193998824e+002 2.77779874904868e+014
3.77964206267866e+002 2.80570537432888e+014
3.78015208297028e+002 2.83205912367770e+014
3.78066200084459e+002 2.85505934203517e+014
3.78117181628311e+002 2.87285641241747e+014
3.78168152926734e+002 2.88357066095941e+014
3.78219113977879e+002 2.88529237953260e+014
3.78270064779898e+002 2.87614689693966e+014
3.78321005330940e+002 2.85449862538012e+014
3.78371935629158e+002 2.81930463107373e+014
3.78422855672700e+002 2.77053802474454e+014
3.78473765459719e+002 2.70953167507874e+014
3.78524664988365e+002 2.63908597252164e+014
3.78575554256788e+002 2.56325182429573e+014
3.78626433263140e+002 2.48681259631076e+014
3.78677302005572e+002 2.41459251179226e+014
3.78728160482234e+002 2.35076619922612e+014
3.78779008691276e+002 2.29831937350428e+014
3.78829846630851e+002 2.25873831642575e+014
3.78880674299108e+002 2.23193076619414e+014
3.78931491694198e+002 2.21633946021919e+014
3.78982298814273e+002 2.20920842721668e+014
3.79033095657482e+002 2.20697831243828e+014
3.79083882221978e+002 2.20578917620303e+014
3.79134658505909e+002 2.20204224072105e+014
3.79185424507428e+002 2.19292911898517e+014
3.79236180224685e+002 2.17681115405838e+014
3.79286925655832e+002 2.15335182941826e+014
3.79337660799017e+002 2.12337631737341e+014
3.79388385652393e+002 2.08852734044717e+014
3.79439100214111e+002 2.05086034935117e+014
3.79489804482320e+002 2.01253444565195e+014
3.79540498455173e+002 1.97569716424814e+014
3.79591182130819e+002 1.94255584480756e+014
3.79641855507409e+002 1.91552580385685e+014
3.79692518583095e+002 1.89729663662790e+014
3.79743171356026e+002 1.89068893503101e+014
3.79793813824355e+002 1.89827156732754e+014
3.79844445986231e+002 1.92182802135478e+014
3.79895067839805e+002 1.96184222030045e+014
3.79945679383229e+002 2.01718119138966e+014
3.79996280614653e+002 2.08508341642860e+014
3.80046871532227e+002 2.16145390361668e+014
3.80097452134103e+002 2.24137241000736e+014
3.80148022418431e+002 2.31967998936354e+014
3.80198582383363e+002 2.39152922064064e+014
3.80249132027048e+002 2.45284040217187e+014
3.80299671347638e+002 2.50065979231865e+014
3.80350200343284e+002 2.53343564850147e+014
3.80400719012136e+002 2.55120773211021e+014
3.80451227352345e+002 2.55566647225742e+014
3.80501725362062e+002 2.55001168789479e+014
3.80552213039437e+002 2.53855351485967e+014
3.80602690382622e+002 2.52605522045179e+014
3.80653157389768e+002 2.51690071715128e+014
3.80703614059024e+002 2.51424562541916e+014
3.80754060388542e+002 2.51934642294192e+014
3.80804496376473e+002 2.53123884880215e+014
3.80854922020967e+002 2.54685836288216e+014
3.80905337320176e+002 2.56158725378544e+014
3.80955742272250e+002 2.57011036575335e+014
3.81006136875339e+002 2.56739567161052e+014
3.81056521127595e+002 2.54960247950135e+014
3.81106895027168e+002 2.51475496231019e+014
3.81157258572210e+002 2.46308337008328e+014
3.81207611760870e+002 2.39700610108866e+014
3.81257954591301e+002 2.32078374188978e+014
3.81308287061651e+002 2.23991263272939e+014
3.81358609170074e+002 2.16034345154871e+014
3.81408920914718e+002 2.08762045604337e+014
3.81459222293735e+002 2.02605035671081e+014
3.81509513305276e+002 1.97802873110858e+014
3.81559793947492e+002 1.94366461380661e+014
3.81610064218532e+002 1.92082745850402e+014
3.81660324116549e+002 1.90567361778238e+014
3.81710573639693e+002 1.89358999971787e+014
3.81760812786114e+002 1.88035020008247e+014
3.81811041553964e+002 1.86316924816497e+014
3.81861259941394e+002 1.84132677075795e+014
3.81911467946553e+002 1.81613552421447e+014
3.81961665567593e+002 1.79024156975504e+014
3.82011852802665e+002 1.76648122594815e+014
3.82062029649919e+002 1.74669204122448e+014
3.82112196107506e+002 1.73090399938136e+014
3.82162352173578e+002 1.71720349066593e+014
3.82212497846284e+002 1.70231577881165e+014
3.82262633123776e+002 1.68269002454371e+014
3.82312758004204e+002 1.65569798926994e+014
3.82362872485719e+002 1.62053686843222e+014
3.82412976566473e+002 1.57855617998997e+014
3.82463070244615e+002 1.53294558120241e+014
3.82513153518296e+002 1.48793371023179e+014
3.82563226385668e+002 1.44777966253497e+014
3.82613288844882e+002 1.41585433573939e+014
3.82663340894087e+002 1.39402623564834e+014
3.82713382531434e+002 1.38243768503436e+014
3.82763413755076e+002 1.37964052639403e+014
3.82813434563161e+002 1.38299244653236e+014
3.82863444953842e+002 1.38920028445233e+014
3.82913444925269e+002 1.39491406732217e+014
3.82963434475592e+002 1.39729636212996e+014
3.83013413602963e+002 1.39449856020882e+014
3.83063382305532e+002 1.38597167696318e+014
3.83113340581450e+002 1.37254166040704e+014
3.83163288428868e+002 1.35620653424004e+014
3.83213225845937e+002 1.33966976551715e+014
3.83263152830807e+002 1.32569716409219e+014
3.83313069381629e+002 1.31644652005918e+014
3.83362975496554e+002 1.31294340904364e+014
3.83412871173733e+002 1.31484951541606e+014
3.83462756411317e+002 1.32059648820172e+014
3.83512631207456e+002 1.32786030029207e+014
3.83562495560301e+002 1.33425774353720e+014
3.83612349468003e+002 1.33808561034981e+014
3.83662192928713e+002 1.33891150452951e+014
3.83712025940582e+002 1.33786514362443e+014
3.83761848501760e+002 1.33755726681010e+014
3.83811660610398e+002 1.34164586935342e+014
3.83861462264646e+002 1.35415050382785e+014
3.83911253462657e+002 1.37866563198750e+014
3.83961034202580e+002 1.41763639452665e+014
3.84010804482567e+002 1.47183888001671e+014
3.84060564300767e+002 1.54016171049046e+014
3.84110313655333e+002 1.61972652292560e+014
3.84160052544414e+002 1.70631983177295e+014
3.84209780966161e+002 1.79504648212888e+014
3.84259498918726e+002 1.88106727346780e+014
3.84309206400259e+002 1.96026380768267e+014
3.84358903408911e+002 2.02969239638696e+014
3.84408589942832e+002 2.08774557919522e+014
3.84458266000174e+002 2.13402101742470e+014
3.84507931579087e+002 2.16897949806279e+014
3.84557586677722e+002 2.19352988574655e+014
3.84607231294230e+002 2.20868935847550e+014
3.84656865426762e+002 2.21542599212544e+014
3.84706489073468e+002 2.21470956618971e+014
3.84756102232499e+002 2.20770340268450e+014
3.84805704902006e+002 2.19596155825798e+014
3.84855297080139e+002 2.18148336698737e+014
3.84904878765051e+002 2.16653231274091e+014
3.84954449954890e+002 2.15323054848504e+014
3.85004010647809e+002 2.14305065974659e+014
3.85053560841958e+002 2.13639172407219e+014
3.85103100535487e+002 2.13241378937482e+014
3.85152629726548e+002 2.12921524721765e+014
3.85202148413292e+002 2.12430898935475e+014
3.85251656593868e+002 2.11524176844162e+014
3.85301154266428e+002 2.10015416079432e+014
3.85350641429123e+002 2.07811283793489e+014
3.85400118080104e+002 2.04914376760891e+014
3.85449584217520e+002 2.01401147835970e+014
3.85499039839524e+002 1.97387936974982e+014
3.85548484944266e+002 1.93001763598633e+014
3.85597919529896e+002 1.88369089929291e+014
3.85647343594565e+002 1.83627236421307e+014
3.85696757136425e+002 1.78952612316832e+014
3.85746160153626e+002 1.74591171484994e+014
3.85795552644319e+002 1.70872839960721e+014
3.85844934606654e+002 1.68194942703928e+014
3.85894306038783e+002 1.66969426887974e+014
3.85943666938856e+002 1.67541948797804e+014
3.85993017305023e+002 1.70102973875718e+014
3.86042357135437e+002 1.74617192489568e+014
3.86091686428247e+002 1.80794931958106e+014
3.86141005181605e+002 1.88118214665059e+014
3.86190313393660e+002 1.95918226608757e+014
3.86239611062565e+002 2.03485689176280e+014
3.86288898186469e+002 2.10186180611684e+014
3.86338174763524e+002 2.15551872660989e+014
3.86387440791880e+002 2.19329255454493e+014
3.86436696269688e+002 2.21476067360935e+014
3.86485941195099e+002 2.22115115554813e+014
3.86535175566264e+002 2.21463407865896e+014
3.86584399381333e+002 2.19759253089269e+014
3.86633612638457e+002 2.17207325621650e+014
3.86682815335788e+002 2.13953913899534e+014
3.86732007471475e+002 2.10094629726751e+014
3.86781189043670e+002 2.05707691267775e+014
3.86830360050524e+002 2.00899629194455e+014
3.86879520490186e+002 1.95847820376994e+014
3.86928670360809e+002 1.90825566717164e+014
3.86977809660542e+002 1.86199800286243e+014
3.87026938387537e+002 1.82397910230975e+014
3.87076056539945e+002 1.79847493548604e+014
3.87125164115915e+002 1.78899727871768e+014
3.87174261113600e+002 1.79752167794505e+014
3.87223347531149e+002 1.82388798228390e+014
3.87272423366714e+002 1.86553303553054e+014
3.87321488618446e+002 1.91765671283959e+014
3.87370543284494e+002 1.97383357165792e+014
3.87419587363010e+002 2.02698101690804e+014
3.87468620852145e+002 2.07050482995614e+014
3.87517643750050e+002 2.09938791816489e+014
3.87566656054875e+002 2.11098616696913e+014
3.87615657764771e+002 2.10535257548606e+014
3.87664648877888e+002 2.08501866908033e+014
3.87713629392379e+002 2.05429601908320e+014
3.87762599306393e+002 2.01828421073398e+014
3.87811558618081e+002 1.98184605607276e+014
3.87860507325594e+002 1.94880784026730e+014
3.87909445427083e+002 1.92155769466363e+014
3.87958372920699e+002 1.90107466267042e+014
3.88007289804592e+002 1.88727562624616e+014
3.88056196076914e+002 1.87947393101104e+014
3.88105091735814e+002 1.87674032724556e+014
3.88153976779444e+002 1.87804345548259e+014
3.88202851205955e+002 1.88218196252704e+014
3.88251715013497e+002 1.88763889374224e+014
3.88300568200222e+002 1.89253408722535e+014
3.88349410764279e+002 1.89480117687318e+014
3.88398242703820e+002 1.89259846174865e+014
3.88447064016996e+002 1.88483686731651e+014
3.88495874701957e+002 1.87163546019804e+014
3.88544674756854e+002 1.85452847503417e+014
3.88593464179838e+002 1.83633634432328e+014
3.88642242969060e+002 1.82073067993339e+014
3.88691011122670e+002 1.81161538207854e+014
3.88739768638820e+002 1.81247943344540e+014
3.88788515515659e+002 1.82585209984039e+014
3.88837251751340e+002 1.85293594816469e+014
3.88885977344012e+002 1.89344127607397e+014
3.88934692291827e+002 1.94561663263937e+014
3.88983396592935e+002 2.00646186730573e+014
3.89032090245487e+002 2.07210581385487e+014
3.89080773247634e+002 2.13831511628806e+014
3.89129445597526e+002 2.20107151173407e+014
3.89178107293315e+002 2.25712432796603e+014
3.89226758333151e+002 2.30441105366704e+014
3.89275398715185e+002 2.34225431109995e+014
3.89324028437568e+002 2.37128888109742e+014
3.89372647498451e+002 2.39313594632381e+014
3.89421255895984e+002 2.40990514097126e+014
3.89469853628318e+002 2.42364952564974e+014
3.89518440693604e+002 2.43591037285154e+014
3.89567017089993e+002 2.44746169586815e+014
3.89615582815635e+002 2.45830382420489e+014
3.89664137868682e+002 2.46787749354379e+014
3.89712682247284e+002 2.47540041679615e+014
3.89761215949592e+002 2.48019320608828e+014
3.89809738973756e+002 2.48187661061017e+014
3.89858251317928e+002 2.48038332918493e+014
3.89906752980258e+002 2.47581052137659e+014
3.89955243958898e+002 2.46820824724189e+014
3.90003724251997e+002 2.45742420637063e+014
3.90052193857707e+002 2.44309671003359e+014
3.90100652774178e+002 2.42482049977627e+014
3.90149100999562e+002 2.40243581784354e+014
3.90197538532009e+002 2.37634145900589e+014
3.90245965369669e+002 2.34772426069615e+014
3.90294381510695e+002 2.31862624447361e+014
3.90342786953235e+002 2.29181804030152e+014
3.90391181695442e+002 2.27049344757629e+014
3.90439565735466e+002 2.25783445813298e+014
3.90487939071458e+002 2.25651901894086e+014
3.90536301701568e+002 2.26825895593942e+014
3.90584653623948e+002 2.29346208245310e+014
3.90632994836747e+002 2.33110252853393e+014
3.90681325338118e+002 2.37884810746518e+014
3.90729645126211e+002 2.43343357395772e+014
3.90777954199176e+002 2.49119940629526e+014
3.90826252555164e+002 2.54866345016084e+014
3.90874540192327e+002 2.60298154949332e+014
3.90922817108814e+002 2.65219191538374e+014
3.90971083302778e+002 2.69521306505237e+014
3.91019338772367e+002 2.73164673721965e+014
3.91067583515734e+002 2.76149250729645e+014
3.91115817531030e+002 2.78488974091291e+014
3.91164040816403e+002 2.80196636833130e+014
3.91212253370007e+002 2.81281310374673e+014
3.91260455189991e+002 2.81754508589735e+014
3.91308646274507e+002 2.81638327132284e+014
3.91356826621704e+002 2.80969319567630e+014
3.91404996229734e+002 2.79795024527619e+014
3.91453155096748e+002 2.78164054925572e+014
3.91501303220897e+002 2.76113747309837e+014
3.91549440600330e+002 2.73660572802840e+014
3.91597567233200e+002 2.70797780744417e+014
3.91645683117656e+002 2.67502628955664e+014
3.91693788251850e+002 2.63752785272921e+014
3.91741882633933e+002 2.59548671674564e+014
3.91789966262054e+002 2.54936237045364e+014
3.91838039134365e+002 2.50023420019342e+014
3.91886101249018e+002 2.44983957917571e+014
3.91934152604162e+002 2.40044472763294e+014
3.91982193197948e+002 2.35454669952975e+014
3.92030223028527e+002 2.31445090293604e+014
3.92078242094050e+002 2.28180811095847e+014
3.92126250392668e+002 2.25721481115049e+014
3.92174247922531e+002 2.23997336320208e+014
3.92222234681791e+002 2.22807492117612e+014
3.92270210668598e+002 2.21841777106852e+014
3.92318175881103e+002 2.20722095406223e+014
3.92366130317456e+002 2.19055182321991e+014
3.92414073975809e+002 2.16486639562157e+014
3.92462006854312e+002 2.12746593842899e+014
3.92509928951116e+002 2.07679850423780e+014
3.92557840264372e+002 2.01257131531366e+014
3.92605740792231e+002 1.93567860240175e+014
3.92653630532843e+002 1.84798101251738e+014
3.92701509484359e+002 1.75199206213862e+014
3.92749377644930e+002 1.65053371396589e+014
3.92797235012707e+002 1.54641919405711e+014
3.92845081585841e+002 1.44220978787702e+014
3.92892917362482e+002 1.34007591439399e+014
3.92940742340781e+002 1.24177270990230e+014
3.92988556518889e+002 1.14871842326746e+014
3.93036359894957e+002 1.06214323624292e+014
3.93084152467136e+002 9.83261105604971e+013
3.93131934233575e+002 9.13412231357149e+013
3.93179705192427e+002 8.54131351009784e+013
3.93227465341842e+002 8.07116418693235e+013
3.93275214679971e+002 7.74098871096581e+013
3.93322953204964e+002 7.56643213651559e+013
3.93370680914972e+002 7.55922222102323e+013
3.93418397808147e+002 7.72519052347788e+013
3.93466103882638e+002 8.06297774967911e+013
3.93513799136597e+002 8.56363129459464e+013
3.93561483568175e+002 9.21105989781017e+013
3.93609157175521e+002 9.98311913697979e+013
3.93656819956788e+002 1.08530222664795e+014
3.93704471910126e+002 1.17908188226660e+014
3.93752113033685e+002 1.27648170657235e+014
3.93799743325617e+002 1.37429766222053e+014
3.93847362784072e+002 1.46943952205721e+014
3.93894971407201e+002 1.55910148002536e+014
3.93942569193154e+002 1.64095778494256e+014
3.93990156140084e+002 1.71337095563625e+014
3.94037732246139e+002 1.77558386830566e+014
3.94085297509472e+002 1.82785450063342e+014
3.94132851928233e+002 1.87148758113454e+014
3.94180395500572e+002 1.90872407303436e+014
3.94227928224642e+002 1.94247005893275e+014
3.94275450098591e+002 1.97588087058074e+014
3.94322961120572e+002 2.01185900847208e+014
3.94370461288734e+002 2.05256343851170e+014
3.94417950601229e+002 2.09904654739168e+014
3.94465429056208e+002 2.15111889362425e+014
3.94512896651821e+002 2.20748761315560e+014
3.94560353386219e+002 2.26613482176480e+014
3.94607799257553e+002 2.32482533119483e+014
3.94655234263974e+002 2.38159001603793e+014
3.94702658403632e+002 2.43504289834285e+014
3.94750071674678e+002 2.48445499221730e+014
3.94797474075264e+002 2.52960153776912e+014
3.94844865603539e+002 2.57048287031027e+014
3.94892246257655e+002 2.60705798909104e+014
3.94939616035762e+002 2.63910857042670e+014
3.94986974936012e+002 2.66628105418444e+014
3.95034322956555e+002 2.68826800333328e+014
3.95081660095541e+002 2.70502612216444e+014
3.95128986351122e+002 2.71691512593303e+014
3.95176301721448e+002 2.72468322486507e+014
3.95223606204671e+002 2.72930012013730e+014
3.95270899798940e+002 2.73171067349623e+014
3.95318182502407e+002 2.73261716729598e+014
3.95365454313223e+002 2.73237893480573e+014
3.95412715229538e+002 2.73105489466280e+014
3.95459965249503e+002 2.72853906177060e+014
3.95507204371270e+002 2.72468939259982e+014
3.95554432592987e+002 2.71935252726217e+014
3.95601649912808e+002 2.71224179773005e+014
3.95648856328881e+002 2.70270855675345e+014
3.95696051839359e+002 2.68951815937765e+014
3.95743236442392e+002 2.67076689332809e+014
3.95790410136130e+002 2.64403966455723e+014
3.95837572918725e+002 2.60682225502944e+014
3.95884724788327e+002 2.55707944551299e+014
3.95931865743087e+002 2.49383222477073e+014
3.95978995781156e+002 2.41754575067191e+014
3.96026114900684e+002 2.33018564322207e+014
3.96073223099823e+002 2.23489870436199e+014
3.96120320376724e+002 2.13539179670994e+014
3.96167406729536e+002 2.03517843132715e+014
3.96214482156411e+002 1.93690361855796e+014
3.96261546655499e+002 1.84193141743027e+014
3.96308600224952e+002 1.75029796568166e+014
3.96355642862920e+002 1.66102464357688e+014
3.96402674567554e+002 1.57268776328998e+014
3.96449695337005e+002 1.48408210084138e+014
3.96496705169424e+002 1.39480776635670e+014
3.96543704062960e+002 1.30564755677983e+014
3.96590692015766e+002 1.21866694098446e+014
3.96637669025992e+002 1.13703861826314e+014
3.96684635091788e+002 1.06464955547162e+014
3.96731590211306e+002 1.00558164256350e+014
3.96778534382697e+002 9.63567028886539e+013
3.96825467604110e+002 9.41509829431664e+013
3.96872389873697e+002 9.41144087450338e+013
3.96919301189609e+002 9.62869553981779e+013
3.96966201549996e+002 1.00577536986773e+014
3.97013090953010e+002 1.06783142547389e+014
3.97059969396801e+002 1.14620196396540e+014
3.97106836879519e+002 1.23761926135758e+014
3.97153693399316e+002 1.33875097943842e+014
3.97200538954343e+002 1.44650430997596e+014
3.97247373542750e+002 1.55823019639915e+014
3.97294197162687e+002 1.67181729266912e+014
3.97341009812307e+002 1.78568992512999e+014
3.97387811489759e+002 1.89874000851470e+014
3.97434602193195e+002 2.01022620368717e+014
3.97481381920764e+002 2.11966599175982e+014
3.97528150670619e+002 2.22673215875027e+014
3.97574908440910e+002 2.33115292082019e+014
3.97621655229786e+002 2.43261079576679e+014
3.97668391035401e+002 2.53064075243263e+014
3.97715115855903e+002 2.62454018221627e+014
3.97761829689445e+002 2.71331542862456e+014
3.97808532534176e+002 2.79569319873784e+014
3.97855224388247e+002 2.87021656508115e+014
3.97901905249810e+002 2.93542541748067e+014
3.97948575117015e+002 2.99009528750299e+014
3.97995233988013e+002 3.03348610335260e+014
3.98041881860954e+002 3.06554237645348e+014
3.98088518733990e+002 3.08699268689593e+014
3.98135144605271e+002 3.09931905740452e+014
3.98181759472949e+002 3.10459935398366e+014
3.98228363335173e+002 3.10525764778406e+014
3.98274956190095e+002 3.10377885919025e+014
3.98321538035865e+002 3.10244784457812e+014
3.98368108870634e+002 3.10315860616684e+014
3.98414668692553e+002 3.10731272253899e+014
3.98461217499774e+002 3.11579768425058e+014
3.98507755290445e+002 3.12901680673012e+014
3.98554282062719e+002 3.14693940194313e+014
3.98600797814747e+002 3.16915223611576e+014
3.98647302544678e+002 3.19491272803935e+014
3.98693796250664e+002 3.22321882203500e+014
3.98740278930855e+002 3.25291093935281e+014
3.98786750583403e+002 3.28280626901641e+014
3.98833211206458e+002 3.31184281516948e+014
3.98879660798171e+002 3.33919389723345e+014
3.98926099356693e+002 3.36431404277170e+014
3.98972526880174e+002 3.38689778769693e+014
3.99018943366765e+002 3.40676570176577e+014
3.99065348814618e+002 3.42372184515277e+014
3.99111743221882e+002 3.43744036985993e+014
3.99158126586709e+002 3.44742943650903e+014
3.99204498907250e+002 3.45309269922986e+014
3.99250860181655e+002 3.45387481436657e+014
3.99297210408075e+002 3.44945087237690e+014
3.99343549584660e+002 3.43990908409153e+014
3.99389877709562e+002 3.42588158074020e+014
3.99436194780932e+002 3.40859353651093e+014
3.99482500796920e+002 3.38981820718814e+014
3.99528795755677e+002 3.37173908416690e+014
3.99575079655354e+002 3.35673054589608e+014
3.99621352494101e+002 3.34707795063303e+014
3.99667614270070e+002 3.34467010940424e+014
3.99713864981411e+002 3.35071014999101e+014
3.99760104626274e+002 3.36549833422704e+014
3.99806333202812e+002 3.38833496297992e+014
3.99852550709174e+002 3.41756864109417e+014
3.99898757143511e+002 3.45078010453762e+014
3.99944952503975e+002 3.48505718645725e+014
3.99991136788715e+002 3.51729802694215e+014
4.00037309995884e+002 3.54448738467735e+014
4.00083472123630e+002 3.56392120917922e+014
4.00129623170106e+002 3.57339247766895e+014
4.00175763133462e+002 3.57137389103992e+014
4.00221892011849e+002 3.55722579617678e+014
4.00268009803418e+002 3.53141990253378e+014
4.00314116506319e+002 3.49571910330465e+014
4.00360212118703e+002 3.45321871260639e+014
4.00406296638722e+002 3.40815881763893e+014
4.00452370064525e+002 3.36546947168750e+014
4.00498432394264e+002 3.33009410766037e+014
4.00544483626089e+002 3.30622110255950e+014
4.00590523758151e+002 3.29660286537866e+014
4.00636552788602e+002 3.30213373707709e+014
4.00682570715591e+002 3.32179222369491e+014
4.00728577537270e+002 3.35295227817116e+014
4.00774573251789e+002 3.39196902602242e+014
4.00820557857300e+002 3.43487876399334e+014
4.00866531351952e+002 3.47804182564853e+014
4.00912493733897e+002 3.51859632415971e+014
4.00958445001286e+002 3.55466255530118e+014
4.01004385152269e+002 3.58531285092352e+014
4.01050314184997e+002 3.61037684375501e+014
4.01096232097621e+002 3.63017401662747e+014
4.01142138888291e+002 3.64525544300257e+014
4.01188034555160e+002 3.65620765186762e+014
4.01233919096376e+002 3.66353810013332e+014
4.01279792510092e+002 3.66763713017089e+014
4.01325654794457e+002 3.66879928959823e+014
4.01371505947623e+002 3.66728519093009e+014
4.01417345967741e+002 3.66340619200744e+014
4.01463174852961e+002 3.65761264420539e+014
4.01508992601434e+002 3.65056140888685e+014
4.01554799211310e+002 3.64313446239444e+014
4.01600594680742e+002 3.63638513656014e+014
4.01646379007878e+002 3.63140561440188e+014
4.01692152190871e+002 3.62913638753501e+014
4.01737914227871e+002 3.63016506611191e+014
4.01783665117029e+002 3.63457558662186e+014
4.01829404856496e+002 3.64190020525978e+014
4.01875133444421e+002 3.65119698416608e+014
4.01920850878957e+002 3.66123524117413e+014
4.01966557158254e+002 3.67073761532314e+014
4.02012252280463e+002 3.67861379697245e+014
4.02057936243734e+002 3.68413176989094e+014
4.02103609046218e+002 3.68700053618256e+014
4.02149270686067e+002 3.68736920723988e+014
4.02194921161430e+002 3.68576715106796e+014
4.02240560470460e+002 3.68301164132835e+014
4.02286188611305e+002 3.68009729066747e+014
4.02331805582118e+002 3.67806586144466e+014
4.02377411381049e+002 3.67784776358741e+014
4.02423006006249e+002 3.68007369500087e+014
4.02468589455869e+002 3.68487432061282e+014
4.02514161728059e+002 3.69170790971475e+014
4.02559722820971e+002 3.69926914831525e+014
4.02605272732754e+002 3.70552858220910e+014
4.02650811461560e+002 3.70792931989468e+014
4.02696339005540e+002 3.70373158393585e+014
4.02741855362844e+002 3.69045620488102e+014
4.02787360531624e+002 3.66634710975635e+014
4.02832854510029e+002 3.63075925750292e+014
4.02878337296212e+002 3.58438831467875e+014
4.02923808888321e+002 3.52928907187280e+014
4.02969269284510e+002 3.46867615561727e+014
4.03014718482927e+002 3.40654844321344e+014
4.03060156481724e+002 3.34721640749069e+014
4.03105583279052e+002 3.29482611088564e+014
4.03150998873062e+002 3.25296287685179e+014
4.03196403261904e+002 3.22438440119669e+014
4.03241796443729e+002 3.21089198529185e+014
4.03287178416688e+002 3.21331194330383e+014
4.03332549178932e+002 3.23154115207820e+014
4.03377908728611e+002 3.26461334096439e+014
4.03423257063877e+002 3.31076309537606e+014
4.03468594182879e+002 3.36749104499659e+014
4.03513920083770e+002 3.43165563485390e+014
4.03559234764699e+002 3.49962348408766e+014
4.03604538223817e+002 3.56750058481628e+014
4.03649830459276e+002 3.63144109575111e+014
4.03695111469226e+002 3.68799983451865e+014
4.03740381251818e+002 3.73446694850886e+014
4.03785639805202e+002 3.76911055436188e+014
4.03830887127530e+002 3.79126024980920e+014
4.03876123216952e+002 3.80119461363307e+014
4.03921348071619e+002 3.79984219381836e+014
4.03966561689682e+002 3.78835965000679e+014
4.04011764069291e+002 3.76769514197507e+014
4.04056955208598e+002 3.73826672525560e+014
4.04102135105753e+002 3.69987089913668e+014
4.04147303758906e+002 3.65188439074601e+014
4.04192461166210e+002 3.59374103240760e+014
4.04237607325814e+002 3.52557657918955e+014
4.04282742235869e+002 3.44886355543934e+014
4.04327865894527e+002 3.36683357262975e+014
4.04372978299938e+002 3.28451711023863e+014
4.04418079450252e+002 3.20832173088846e+014
4.04463169343620e+002 3.14519171483752e+014
4.04508247978194e+002 3.10151355343984e+014
4.04553315352124e+002 3.08201158505714e+014
4.04598371463561e+002 3.08889093141576e+014
4.04643416310656e+002 3.12142529653187e+014
4.04688449891559e+002 3.17607291820138e+014
4.04733472204421e+002 3.24707194598673e+014
4.04778483247394e+002 3.32735728828540e+014
4.04823483018627e+002 3.40958491321189e+014
4.04868471516272e+002 3.48705709111000e+014
4.04913448738479e+002 3.55440145363358e+014
4.04958414683399e+002 3.60793950976002e+014
4.05003369349184e+002 3.64575935660335e+014
4.05048312733983e+002 3.66755806159111e+014
4.05093244835948e+002 3.67433915142690e+014
4.05138165653229e+002 3.66804304894942e+014
4.05183075183977e+002 3.65116935580874e+014
4.05227973426344e+002 3.62643032971348e+014
4.05272860378479e+002 3.59646186232996e+014
4.05317736038533e+002 3.56361133268922e+014
4.05362600404658e+002 3.52981606796755e+014
4.05407453475004e+002 3.49657759139431e+014
4.05452295247722e+002 3.46502252986664e+014
4.05497125720963e+002 3.43602345845523e+014
4.05541944892877e+002 3.41033582191542e+014
4.05586752761615e+002 3.38869833471743e+014
4.05631549325329e+002 3.37184817314462e+014
4.05676334582168e+002 3.36042369720177e+014
4.05721108530284e+002 3.35476217713105e+014
4.05765871167828e+002 3.35464146857465e+014
4.05810622492949e+002 3.35904869833814e+014
4.05855362503800e+002 3.36607251080181e+014
4.05900091198531e+002 3.37299936484606e+014
4.05944808575292e+002 3.37664712466059e+014
4.05989514632235e+002 3.37390284546143e+014
4.06034209367510e+002 3.36236314671727e+014
4.06078892779267e+002 3.34092880739770e+014
4.06123564865659e+002 3.31019670095128e+014
4.06168225624835e+002 3.27252961789956e+014
4.06212875054947e+002 3.23176081582019e+014
4.06257513154145e+002 3.19258383344811e+014
4.06302139920579e+002 3.15976233931580e+014
4.06346755352402e+002 3.13734111716735e+014
4.06391359447763e+002 3.12803352711878e+014
4.06435952204813e+002 3.13290321857866e+014
4.06480533621704e+002 3.15136944636324e+014
4.06525103696585e+002 3.18147647394994e+014
4.06569662427608e+002 3.22030933499653e+014
4.06614209812924e+002 3.26442907766300e+014
4.06658745850683e+002 3.31023765100757e+014
4.06703270539036e+002 3.35424628336183e+014
4.06747783876133e+002 3.39327856444481e+014
4.06792285860127e+002 3.42466615687557e+014
4.06836776489167e+002 3.44647765702410e+014
4.06881255761404e+002 3.45777161030981e+014
4.06925723674989e+002 3.45880772723765e+014
4.06970180228073e+002 3.45111657919824e+014
4.07014625418807e+002 3.43733962820868e+014
4.07059059245341e+002 3.42080797876609e+014
4.07103481705826e+002 3.40491421032171e+014
4.07147892798414e+002 3.39241155810742e+014
4.07192292521254e+002 3.38481965529320e+014
4.07236680872497e+002 3.38210385907829e+014
4.07281057850295e+002 3.38272879588016e+014
4.07325423452798e+002 3.38408630341985e+014
4.07369777678158e+002 3.38319587751077e+014
4.07414120524523e+002 3.37750445253878e+014
4.07458451990047e+002 3.36559028509622e+014
4.07502772072879e+002 3.34760717985001e+014
4.07547080771169e+002 3.32537475702802e+014
4.07591378083070e+002 3.30210727816247e+014
4.07635664006732e+002 3.28185222797169e+014
4.07679938540305e+002 3.26876450537493e+014
4.07724201681940e+002 3.26636335888730e+014
4.07768453429788e+002 3.27690949006590e+014
4.07812693782001e+002 3.30100539687528e+014
4.07856922736727e+002 3.33747514884814e+014
4.07901140292120e+002 3.38352929814480e+014
4.07945346446328e+002 3.43517602612504e+014
4.07989541197504e+002 3.48780555371253e+014
4.08033724543797e+002 3.53685387821077e+014
4.08077896483360e+002 3.57844516245217e+014
4.08122057014341e+002 3.60991875608540e+014
4.08166206134893e+002 3.63016567273383e+014
4.08210343843165e+002 3.63972888586346e+014
4.08254470137310e+002 3.64065759957112e+014
4.08298585015477e+002 3.63614358627166e+014
4.08342688475817e+002 3.63000120056242e+014
4.08386780516482e+002 3.62607571790802e+014
4.08430861135621e+002 3.62767348149269e+014
4.08474930331387e+002 3.63709977661820e+014
4.08518988101929e+002 3.65536903754583e+014
4.08563034445398e+002 3.68212070737654e+014
4.08607069359945e+002 3.71573975023026e+014
4.08651092843721e+002 3.75364882719293e+014
4.08695104894877e+002 3.79271523806009e+014
4.08739105511563e+002 3.82970282781477e+014
4.08783094691931e+002 3.86169810875122e+014
4.08827072434131e+002 3.88645004786572e+014
