# Results obtained using Qdoas (Qdoas version 3.4 - 28 February 2020), Royal Belgian Institute for Space Aeronomy (BIRA-IASB), http://uv-vis.aeronomie.be/software/QDOAS
# Spec No	Date & time (YYYYMMDDhhmmss)	Date (DD/MM/YYYY)	Time (hh:mm:ss)	Year	Day number	Fractional day	Fractional time	Scans	Tint	SZA	Solar Azimuth Angle	Longitude	Latitude	Elev. viewing angle	Azim. viewing angle	O3_320_340.Chi	O3_320_340.RMS	O3_320_340.RefNumber	O3_320_340.SlCol(O3)	O3_320_340.SlErr(O3)	O3_320_340.SlCol(O3_293k)	O3_320_340.SlErr(O3_293k)	O3_320_340.Offset (Constant)	O3_320_340.Offset (Order 1)	Fluxes 320	Fluxes 340	Fluxes 330	Fluxes 360	
   1	20190722230510	22/07/2019	23:05:10	2019	  203	203.961921	  23.086111111111112	  122	    0.485366	   74.747993	 -105.900688	  113.992996	   22.597000	   90.000000	    0.000000	 0.0000e+000	 9.9692e+306	    -1	 9.9692e+306	 9.9692e+306	 9.9692e+306	 9.9692e+306	 9.9692e+306	 9.9692e+306	  2.117505e+006	  5.571742e+006	  5.736441e+006	  5.546810e+006	
   1	20190722230615	22/07/2019	23:06:15	2019	  203	203.962674	  23.104166666666668	  123	    0.479822	   74.507523	 -105.815254	  113.992996	   22.597000	    1.000000	    0.000000	 5.0954e-006	 2.1928e-003	    12	 8.6678e+017	 5.2282e+017	 3.2486e+018	 9.1259e+016	-1.0492e-002	-1.8390e-003	  1.224467e+006	  3.759548e+006	  3.591108e+006	  4.281250e+006	
   1	20190722230716	22/07/2019	23:07:16	2019	  203	203.963380	  23.121111111111112	  138	    0.426977	   74.281761	 -105.735275	  113.992996	   22.597000	    2.000000	    0.000000	 2.6889e-006	 1.5929e-003	    12	 2.6454e+017	 3.7979e+017	 3.0884e+018	 6.6294e+016	 4.2024e-004	-3.2284e-004	  1.514912e+006	  4.659324e+006	  4.436742e+006	  5.333889e+006	
   1	20190722230817	22/07/2019	23:08:17	2019	  203	203.964086	  23.138055555555557	  149	    0.396107	   74.055908	 -105.655472	  113.992996	   22.597000	    3.000000	    0.000000	 7.1782e-007	 8.2301e-004	    12	-2.8863e+017	 1.9623e+017	 2.9752e+018	 3.4253e+016	 4.6400e-003	 2.7716e-005	  1.774006e+006	  5.437324e+006	  5.176655e+006	  6.227892e+006	
   1	20190722230918	22/07/2019	23:09:18	2019	  203	203.964792	  23.155000000000001	  158	    0.373657	   73.829964	 -105.575851	  113.992996	   22.597000	    4.000000	    0.000000	 8.1970e-007	 8.7948e-004	    12	-2.3511e+017	 2.0970e+017	 2.6410e+018	 3.6603e+016	 6.0564e-003	 3.7721e-004	  2.010114e+006	  6.125130e+006	  5.837705e+006	  6.998010e+006	
   1	20190722231019	22/07/2019	23:10:19	2019	  203	203.965498	  23.171944444444446	  166	    0.354476	   73.603935	 -105.496407	  113.992996	   22.597000	    5.000000	    0.000000	 1.7171e-006	 1.2729e-003	    12	-5.2080e+016	 3.0350e+017	 2.2718e+018	 5.2977e+016	 2.1087e-003	-5.4062e-005	  2.280148e+006	  6.907351e+006	  6.585206e+006	  7.877393e+006	
   1	20190722231121	22/07/2019	23:11:21	2019	  203	203.966215	  23.189166666666665	  178	    0.332418	   73.374107	 -105.415848	  113.992996	   22.597000	    6.000000	    0.000000	 1.1023e-006	 1.0199e-003	    12	-4.7145e+016	 2.4317e+017	 2.1460e+018	 4.2446e+016	 6.2595e-003	 2.3073e-004	  2.614148e+006	  7.894231e+006	  7.524295e+006	  9.013471e+006	
   1	20190722231222	22/07/2019	23:12:22	2019	  203	203.966921	  23.206111111111110	  192	    0.307075	   73.147903	 -105.336754	  113.992996	   22.597000	    8.000000	    0.000000	 5.0372e-007	 6.8944e-004	    12	-4.4704e+017	 1.6438e+017	 1.8876e+018	 2.8693e+016	 4.8029e-003	 2.0492e-004	  3.119145e+006	  9.377967e+006	  8.943284e+006	  1.067931e+007	
   1	20190722230510	22/07/2019	23:05:10	2019	  203	203.961921	  23.086111111111112	  122	    0.485366	   74.747993	 -105.900688	  113.992996	   22.597000	   90.000000	    0.000000	 0.0000e+000	 9.9692e+306	    -1	 9.9692e+306	 9.9692e+306	 9.9692e+306	 9.9692e+306	 9.9692e+306	 9.9692e+306	  2.117505e+006	  5.571742e+006	  5.736441e+006	  5.546810e+006	
   1	20190722230615	22/07/2019	23:06:15	2019	  203	203.962674	  23.104166666666668	  123	    0.479822	   74.507523	 -105.815254	  113.992996	   22.597000	    1.000000	    0.000000	 6.2057e-007	 7.6489e-004	    12	 9.6593e+016	 1.8421e+017	 3.4484e+018	 3.1930e+016	 3.5132e-003	-7.3807e-005	  1.224467e+006	  3.759548e+006	  3.591108e+006	  4.281250e+006	
   1	20190722230716	22/07/2019	23:07:16	2019	  203	203.963380	  23.121111111111112	  138	    0.426977	   74.281761	 -105.735275	  113.992996	   22.597000	    2.000000	    0.000000	 5.9480e-007	 7.4884e-004	    12	-2.0186e+017	 1.8035e+017	 3.1676e+018	 3.1260e+016	 6.2621e-003	 4.7895e-004	  1.514912e+006	  4.659324e+006	  4.436742e+006	  5.333889e+006	
   1	20190722230817	22/07/2019	23:08:17	2019	  203	203.964086	  23.138055555555557	  149	    0.396107	   74.055908	 -105.655472	  113.992996	   22.597000	    3.000000	    0.000000	 5.6757e-007	 7.3150e-004	    12	-3.7896e+017	 1.7617e+017	 2.9750e+018	 3.0536e+016	 4.8714e-003	 9.1189e-005	  1.774006e+006	  5.437324e+006	  5.176655e+006	  6.227892e+006	
   1	20190722230918	22/07/2019	23:09:18	2019	  203	203.964792	  23.155000000000001	  158	    0.373657	   73.829964	 -105.575851	  113.992996	   22.597000	    4.000000	    0.000000	 5.1027e-007	 6.9359e-004	    12	-3.7675e+017	 1.6704e+017	 2.6437e+018	 2.8954e+016	 6.5583e-003	 4.8868e-004	  2.010114e+006	  6.125130e+006	  5.837705e+006	  6.998010e+006	
   1	20190722231019	22/07/2019	23:10:19	2019	  203	203.965498	  23.171944444444446	  166	    0.354476	   73.603935	 -105.496407	  113.992996	   22.597000	    5.000000	    0.000000	 4.6741e-007	 6.6382e-004	    12	-3.7845e+017	 1.5987e+017	 2.3127e+018	 2.7711e+016	 5.3939e-003	 4.2127e-004	  2.280148e+006	  6.907351e+006	  6.585206e+006	  7.877393e+006	
   1	20190722230510	22/07/2019	23:05:10	2019	  203	203.961921	  23.086111111111112	  122	    0.485366	   74.747993	 -105.900688	  113.992996	   22.597000	   90.000000	    0.000000	 0.0000e+000	 9.9692e+306	    -1	 9.9692e+306	 9.9692e+306	 9.9692e+306	 9.9692e+306	 9.9692e+306	 9.9692e+306	 0.0000e+000	 9.9692e+306	    -1	    -1	 9.9692e+306	 9.9692e+306	 9.9692e+306	 9.9692e+306	 9.9692e+306	 9.9692e+306	 9.9692e+306	 9.9692e+306	 9.9692e+306	 9.9692e+306	 9.9692e+306	 9.9692e+306	  2.117505e+006	  5.571742e+006	  5.736441e+006	  5.546810e+006	
   1	20190722230615	22/07/2019	23:06:15	2019	  203	203.962674	  23.104166666666668	  123	    0.479822	   74.507523	 -105.815254	  113.992996	   22.597000	    1.000000	    0.000000	 6.2057e-007	 7.6489e-004	    12	 9.6593e+016	 1.8421e+017	 3.4484e+018	 3.1930e+016	 3.5132e-003	-7.3807e-005	 4.0224e-007	 6.2428e-004	     1	    12	 1.7161e+016	 1.9195e+015	 6.2259e-003	-1.1566e+000	 7.8522e-003	-4.8365e-005	-7.8993e-007	-4.7673e-008	 4.7355e-009	 7.5581e-003	-1.9156e-004	 3.4312e-004	  1.224467e+006	  3.759548e+006	  3.591108e+006	  4.281250e+006	
   1	20190722230716	22/07/2019	23:07:16	2019	  203	203.963380	  23.121111111111112	  138	    0.426977	   74.281761	 -105.735275	  113.992996	   22.597000	    2.000000	    0.000000	 5.9480e-007	 7.4884e-004	    12	-2.0186e+017	 1.8035e+017	 3.1676e+018	 3.1260e+016	 6.2621e-003	 4.7895e-004	 3.6397e-007	 5.9384e-004	     1	    12	 1.9567e+016	 1.8259e+015	 4.7905e-003	-1.0818e+000	 8.2406e-003	-4.7884e-005	-9.0251e-007	-3.2906e-008	 4.5462e-009	 6.5766e-003	-1.6807e-004	 4.2222e-004	  1.514912e+006	  4.659324e+006	  4.436742e+006	  5.333889e+006	
   1	20190722230510	22/07/2019	23:05:10	2019	  203	203.961921	  23.086111111111112	  122	    0.485366	   74.747993	 -105.900688	  113.992996	   22.597000	   90.000000	    0.000000	 0.0000e+000	 9.9692e+306	    -1	 9.9692e+306	 9.9692e+306	 9.9692e+306	 9.9692e+306	 9.9692e+306	 9.9692e+306	 0.0000e+000	 9.9692e+306	    -1	    -1	 9.9692e+306	 9.9692e+306	 9.9692e+306	 9.9692e+306	 9.9692e+306	 9.9692e+306	 9.9692e+306	 9.9692e+306	 9.9692e+306	 9.9692e+306	 9.9692e+306	 9.9692e+306	  2.306113e+006	  5.738819e+006	  5.572102e+006	  5.421974e+006	
   1	20190722230615	22/07/2019	23:06:15	2019	  203	203.962674	  23.104166666666668	  123	    0.479822	   74.507523	 -105.815254	  113.992996	   22.597000	    1.000000	    0.000000	 5.1040e-007	 6.9368e-004	    12	 1.9355e+018	 1.6481e+017	 3.4261e+018	 2.8726e+016	 3.7957e-003	-2.6583e-004	 4.0481e-007	 6.2627e-004	     1	    12	 1.6925e+016	 1.9214e+015	-1.3012e-002	-1.1566e+000	 7.8406e-003	-4.8052e-005	-6.9296e-007	-4.9732e-008	 4.4851e-009	 7.5881e-003	-1.8845e-004	 2.4802e-004	  1.333103e+006	  3.877864e+006	  3.495479e+006	  4.188320e+006	
   1	20190722230716	22/07/2019	23:07:16	2019	  203	203.963380	  23.121111111111112	  138	    0.426977	   74.281761	 -105.735275	  113.992996	   22.597000	    2.000000	    0.000000	 4.9724e-007	 6.8468e-004	    12	 1.4482e+018	 1.6267e+017	 3.1578e+018	 2.8353e+016	 6.7391e-003	 3.1948e-004	 3.6341e-007	 5.9339e-004	     1	    12	 1.9290e+016	 1.8206e+015	-1.5011e-002	-1.0819e+000	 8.2293e-003	-4.7589e-005	-8.1096e-007	-3.5124e-008	 4.3217e-009	 6.6288e-003	-1.6506e-004	 3.2255e-004	  1.650000e+006	  4.806069e+006	  4.319487e+006	  5.218207e+006	
   1	20190722230817	22/07/2019	23:08:17	2019	  203	203.964086	  23.138055555555557	  149	    0.396107	   74.055908	 -105.655472	  113.992996	   22.597000	    3.000000	    0.000000	 4.7251e-007	 6.6743e-004	    12	 1.1863e+018	 1.5857e+017	 2.9732e+018	 2.7639e+016	 6.0862e-003	 5.4357e-005	 3.3321e-007	 5.6820e-004	     1	    12	 1.8304e+016	 1.7428e+015	-8.9934e-003	-1.0265e+000	 8.4496e-003	-5.0015e-005	-7.0413e-007	-4.5226e-008	 4.0731e-009	 6.9139e-003	-1.7746e-004	 3.8941e-004	  1.932080e+006	  5.609174e+006	  5.040224e+006	  6.093806e+006	
   1	20190722230918	22/07/2019	23:09:18	2019	  203	203.964792	  23.155000000000001	  158	    0.373657	   73.829964	 -105.575851	  113.992996	   22.597000	    4.000000	    0.000000	 4.4761e-007	 6.4961e-004	    12	 1.0141e+018	 1.5434e+017	 2.6342e+018	 2.6901e+016	 7.2281e-003	 4.0950e-004	 3.2061e-007	 5.5735e-004	     1	    12	 1.9054e+016	 1.7101e+015	-1.1376e-002	-9.8866e-001	 8.4460e-003	-5.0793e-005	-1.0947e-006	-3.3331e-008	 5.1761e-009	 6.4487e-003	-1.6965e-004	 2.0779e-004	  2.190072e+006	  6.318858e+006	  5.684412e+006	  6.846623e+006	
